63.0 240 5,0.059935897461538476 0.010967909317467333 0.030671900923076922 0.006158431292212583
63.0 60 5,0.03653846146153846 0.013882312712437034 0.018275909923076924 0.00729642996519464
42.0 60 5,0.04551282050000001 0.017636944302310817 0.02301534084615384 0.009561689681290229
52.5 60 5,0.03782051273076923 0.01823264443771059 0.019037000769230768 0.009843763940201531
21.0 150 5,0.2010256410384616 0.025533106147119126 0.10957333446153845 0.016750771410320994
15.75 60 5,0.1423076923076923 0.034353233326336274 0.07674880957692307 0.01847946187318163
21.0 240 5,0.28637820515384615 0.03328437296693112 0.16164145700000002 0.02351037990916778
10.5 120 5,0.4442307692307691 0.019716098097610713 0.26747141965384613 0.02916471340947813
52.5 150 5,0.05794871800000001 0.016410256375 0.02980373473076923 0.009327388590029288
15.75 120 5,0.2589743588846154 0.036244884456662185 0.14532177488461537 0.025856768960138256
26.25 300 5,0.23384615376923076 0.027853283299911727 0.1293017710384615 0.01810056091557138
78.75 150 5,0.037179487230769234 0.013980826511362926 0.01878969573076924 0.007732007008789398
21.0 30 5,0.07051282057692308 0.03111451576919703 0.03693029023076923 0.017821156656595536
10.5 150 5,0.4987179486538462 0.02717585840543627 0.30594781253846143 0.030786934835287934
78.75 30 5,0.02179487161538462 0.018356180760811948 0.010860296423076924 0.009431821191845505
78.75 120 5,0.03205128200000001 0.012594155532100297 0.015943053961538462 0.006360530015919848
52.5 300 5,0.08102564103846155 0.01015980140791432 0.04183365623076923 0.006482729519799527
31.5 60 5,0.0538461538076923 0.024594007878691645 0.027504074884615384 0.012743825458461764
36.75 60 5,0.04871794876923078 0.022609220685956832 0.025054810807692316 0.012782610914026363
52.5 240 5,0.07179487173076922 0.013834129282785403 0.037083770615384606 0.0077724466359872565
36.75 150 5,0.08974358984615384 0.019146825323976057 0.046248392346153855 0.009550154361488825
42.0 30 5,0.041025640961538455 0.02820512832867133 0.020726727961538467 0.01425043848519439
36.75 300 5,0.12974358973076924 0.014789782685810202 0.06920843607692308 0.009904487501414696
21.0 120 5,0.16570512823076922 0.027670115162568374 0.08932742357692311 0.01830052766643435
10.5 30 5,0.16666666665384622 0.05229763600416305 0.09211349992307691 0.03264935932916267
78.75 300 5,0.043974358923076926 0.00691951469607453 0.02224468611538461 0.004079351331377756
15.75 300 5,0.46538461534615383 0.028942573944767302 0.2808019226153846 0.02753918350675291
42.0 150 5,0.07487179476923077 0.017177573557791377 0.03851264161538462 0.009300563044120738
63.0 150 5,0.04769230773076924 0.013548558824450385 0.02430288961538461 0.007644347661628724
42.0 240 5,0.09086538457692307 0.01443464634001728 0.04775937684615384 0.009537017882812365
73.5 120 5,0.03621794873076923 0.012647063854392486 0.018130096576923084 0.006791283666007644
5.25 300 5,0.8119230769999999 0.01993950410824804 0.5965883129230769 0.04163656774850473
26.25 30 5,0.07179487176923077 0.03777158946279192 0.03775599457692308 0.022223758207693612
63.0 30 5,0.025641025538461537 0.02321893629127649 0.012609816730769228 0.011525075395393573
31.5 30 5,0.047435897423076925 0.03090248931597153 0.02452390061538462 0.018129839575429893
5.25 60 5,0.5532051282307691 0.046459989013049735 0.3527789306923077 0.06456280199352162
73.5 150 5,0.03794871792307692 0.012912490598828166 0.019242889730769222 0.007038241541810124
36.75 120 5,0.07115384626923077 0.020179584980458926 0.03664480973076923 0.010891975085299552
26.25 60 5,0.0762820513846154 0.020761711107068218 0.039340775307692324 0.010451820638065724
63.0 300 5,0.0615384615769231 0.007523795249120648 0.03141611096153846 0.004309285001677165
26.25 150 5,0.1394871794230769 0.027043685899331406 0.07371604000000001 0.014352373395698618
78.75 60 5,0.022435897538461536 0.013822986180373649 0.011178425846153844 0.0071732958238874085
26.25 240 5,0.19551282053846156 0.029641804728692968 0.10677267003846154 0.018621250731039894
26.25 120 5,0.1208333333076923 0.02459609626103401 0.06350314476923077 0.013680358934874653
5.25 240 5,0.7900641026153846 0.020118403627771134 0.5706716972692308 0.04361385905154479
63.0 120 5,0.04326923080769232 0.016987179508708275 0.02175805903846153 0.008618304738025396
5.25 120 5,0.7009615384999999 0.03254901979229963 0.477655648423077 0.05949284232005821
15.75 150 5,0.30384615384615393 0.03600441944017699 0.17286872430769232 0.028713211784459326
42.0 120 5,0.06538461546153845 0.021395281167722262 0.03329661238461539 0.010794320523368919
15.75 240 5,0.41570512819230776 0.033737685540059424 0.24549702819230765 0.02878655849320423
31.5 120 5,0.09391025638461538 0.02710750322781298 0.048803890384615384 0.015274894537256329
36.75 30 5,0.04615384611538462 0.02627423289838207 0.0241014725 0.01487249605995708
52.5 120 5,0.048397435807692325 0.01328099325400597 0.024598858038461534 0.007307657968454211
5.25 30 5,0.37179487180769233 0.08508030781971951 0.22285420888461543 0.07385820531817754
78.75 240 5,0.04551282057692309 0.010712035237218264 0.023121282769230762 0.0058200615681866024
42.0 300 5,0.1042307692692308 0.014037729773809526 0.05477306573076923 0.009201365247417196
52.5 30 5,0.02820512807692307 0.02205724432215962 0.01459973819230769 0.012242222534201479
21.0 60 5,0.09999999996153844 0.027347088362023878 0.052773210076923045 0.016428444163191763
15.75 30 5,0.10512820511538463 0.04305860408558105 0.057245590769230754 0.026449169438653043
36.75 240 5,0.11634615388461542 0.015586944089324291 0.06144519549999999 0.009396656440196287
5.25 150 5,0.7353846153461538 0.025538255592053957 0.5115386187692307 0.054076820717362584
31.5 150 5,0.10948717946153842 0.02509285836803448 0.05733781223076923 0.013892470329798724
73.5 60 5,0.02371794873076923 0.014743589607023416 0.01171100426923077 0.0071440948768002705
21.0 300 5,0.3353846154230769 0.031106062434264573 0.1921796075384615 0.02314018187560416
31.5 300 5,0.1699999999615385 0.01778311880052271 0.09210059876923077 0.01254389984407127
73.5 240 5,0.05208333330769231 0.011396247873677136 0.026453021500000003 0.005986508701327373
10.5 300 5,0.6305128205 0.025109883394972964 0.41278692269230766 0.034718166876196103
31.5 240 5,0.14775641030769232 0.025975384138589203 0.07914728326923076 0.015052812846689266
73.5 300 5,0.053846153807692324 0.008304684387014111 0.027354108538461538 0.004876291636319507
10.5 60 5,0.2628205128461538 0.0492047207660073 0.1498063883461538 0.03538557202861731
73.5 30 5,0.021794871653846158 0.020552845528927697 0.011245971269230779 0.011188962740978905
10.5 240 5,0.5932692307692308 0.02550444398695055 0.38210065726923076 0.036235910761080514
