29.4 210 3,0.32104454685099854 0.029646299433031816 0.24725160309137711 0.029374826337871536
14.7 504 3,0.6232718894009217 0.017214365442459554 0.5046320696685731 0.03587284595712336
29.4 504 5,0.3568228366615464 0.01973278569810933 0.2678851298702072 0.025127934145723212
29.4 168 6,0.22196620583717352 0.03020762811549976 0.15724037381443595 0.02748932038455621
44.1 210 6,0.1589861751152074 0.02695578998906117 0.11015596580090745 0.021608549643215878
29.4 630 6,0.3776241679467487 0.020892693921284202 0.2799392341550515 0.024381259194100828
73.5 336 3,0.15946620583717355 0.021893611312534766 0.1168056783171353 0.019586481842748873
29.4 630 4,0.408141321044547 0.023299685362245647 0.3087409843135293 0.02440450506919856
29.4 336 8,0.29377880184331795 0.024983005117743592 0.21848266189325913 0.02781913127091183
73.5 168 8,0.0662442396313364 0.021474495053787734 0.042303766230741655 0.01424989743137489
14.7 504 4,0.5874935995903737 0.015239158924962515 0.46728201307749856 0.0302235143004273
73.5 504 3,0.18926011264720938 0.019201655567882375 0.13828031191307194 0.018213866447602724
14.7 336 4,0.5288018433179723 0.02033200708961921 0.4176388990488375 0.03540974706182776
29.4 168 7,0.22158218125960064 0.032941161772668724 0.15951207040768317 0.030833302309437136
44.1 210 5,0.171889400921659 0.02110109348263591 0.1223660446072138 0.02235212459911066
29.4 210 8,0.24546850998463904 0.02663259590193528 0.17887885818473664 0.028490856004639995
73.5 504 5,0.1376728110599078 0.020475509611093373 0.09520901909434215 0.016435396660258
14.7 168 4,0.4278033794162827 0.036591315921118125 0.33273975241654874 0.04598765563089321
73.5 420 6,0.1152073732718894 0.019405974436072206 0.07808787912401723 0.015449651731427627
14.7 504 2,0.685163850486431 0.014069550421995357 0.5715767290461294 0.0317979931766113
73.5 504 4,0.15207373271889402 0.021918576329284848 0.10759762512399582 0.018535703316576415
14.7 630 3,0.6344598054275473 0.0165458697475166 0.5118493639736291 0.03392146835003722
14.7 420 3,0.5976190476190477 0.020002925687552225 0.4827881182163807 0.0383662641860907
29.4 504 4,0.3766641065028163 0.021565486664636233 0.2851826317135207 0.024386839795596377
14.7 168 8,0.3857526881720431 0.03286160039968744 0.2966588930878403 0.03687521217948239
44.1 168 7,0.13824884792626724 0.02335930311174432 0.09448454500577981 0.018262174754622162
14.7 630 4,0.613364055299539 0.016597761610530257 0.48701052156394103 0.02853167534425383
14.7 210 4,0.46082949308755766 0.03015842589324025 0.35966850441817616 0.041748358213049806
44.1 168 8,0.1359447004608295 0.02588394024267107 0.09147013295885388 0.01916914561616552
73.5 420 8,0.11582181259600614 0.019648252641627013 0.077634069863467 0.014116514344449224
29.4 336 3,0.3756720430107527 0.027462120865393444 0.2918430579773099 0.02887685462336735
73.5 504 2,0.3318612391193037 0.01635351628561649 0.2602885792710902 0.020768236697437423
14.7 336 5,0.5096006144393241 0.021537497270225317 0.39932999460172386 0.033199217925268684
29.4 420 8,0.3201228878648233 0.02057827151289848 0.23876143093568852 0.025790659053565954
44.1 504 4,0.2627368151561701 0.02331787902830472 0.1940901503640085 0.022537826123976826
14.7 336 7,0.48473502304147464 0.024199262363791805 0.375150269665014 0.03205252311128578
14.7 168 5,0.40956221198156684 0.03066671298656671 0.31504954090637205 0.038519290789681596
73.5 630 4,0.1693292370711726 0.02172805494327118 0.11949608197157642 0.018760298114401486
73.5 210 3,0.13502304147465438 0.020687771476520303 0.09705575176088378 0.019725686338995265
44.1 420 6,0.21313364055299544 0.023685320960229295 0.15297334946877708 0.02143267966076903
14.7 630 2,0.6964157706093188 0.015128293928201114 0.5831774541351704 0.030103257763377488
29.4 336 2,0.5082565284178188 0.027263716633407084 0.4111244094379682 0.038388642953130166
14.7 420 2,0.6925499231950846 0.016314492224088175 0.5793940779623655 0.033906615488178214
44.1 504 7,0.23527905785970302 0.02139211849807093 0.16741962385387815 0.018587477078263952
44.1 168 6,0.14055299539170504 0.030639049011423124 0.09624440028199414 0.0227032423227019
29.4 210 7,0.247926267281106 0.027896154334013844 0.17929481652914073 0.028519337774464557
29.4 168 3,0.2905145929339477 0.0312207494162509 0.2249528432153845 0.03018751416279896
29.4 630 3,0.4600614439324118 0.02302724712930759 0.35701174325722995 0.025810100701811726
29.4 336 6,0.29560291858678955 0.027830854892679387 0.21719894774742368 0.02773060665556705
73.5 168 7,0.06701228878648233 0.015040826442063086 0.04300559407400583 0.011405327781467689
73.5 630 7,0.1470558115719406 0.018319184407271892 0.09890948393768985 0.014946067900853812
14.7 420 4,0.5627496159754226 0.016863533237005783 0.4457624507275042 0.0328186220478752
44.1 630 2,0.4790066564260113 0.02149988957876032 0.38293162116723367 0.028418489750769164
44.1 630 3,0.337173579109063 0.026532389950855554 0.2564780848110081 0.026002893226922702
44.1 336 6,0.19210829493087553 0.02417677959819716 0.1373757474394541 0.021053627637201047
73.5 630 2,0.35381464413722485 0.017612587619781156 0.27715671329756414 0.02052195037965292
73.5 336 8,0.10157450076804915 0.017382680660171203 0.0679027472346426 0.012767234339187215
29.4 210 5,0.2554531490015361 0.025872200640770872 0.18924741491778943 0.029428896113172492
44.1 210 7,0.15514592933947774 0.02121929532201691 0.1072342230437731 0.018386765181581027
14.7 168 7,0.38440860215053774 0.03123373666296304 0.29125631752826886 0.03609216869020969
14.7 420 6,0.5301843317972349 0.019730344172240656 0.41588293451784086 0.031143506855498944
14.7 168 2,0.5927419354838709 0.028113904013623108 0.48175067807814054 0.04896259111044806
73.5 210 8,0.07895545314900156 0.01688031565937469 0.051055968164013796 0.012597888119735978
73.5 630 3,0.20947260624679986 0.020440948452368435 0.15203047587332386 0.01942130384465865
14.7 420 7,0.5208141321044547 0.022384120293623178 0.40442024616104955 0.031036316501320903
44.1 420 2,0.4271121351766512 0.024481137612574446 0.34342458996714303 0.03127554807925864
73.5 504 7,0.12973630312339987 0.017837058593310706 0.08734618020322932 0.014354495503403846
44.1 420 4,0.24139784946236562 0.022762520312480664 0.17908693532619924 0.022692306133784035
29.4 504 6,0.3485023041474654 0.022354570248271945 0.2577002254017865 0.025103723433786636
44.1 504 8,0.23783922171018937 0.020245134059797876 0.16873474207640907 0.01868333678177004
14.7 168 6,0.39900153609831035 0.031441975645198565 0.3069319620469211 0.038556180993645876
14.7 210 6,0.4336405529953919 0.02669012255311552 0.3341943507565707 0.03603417458233407
44.1 210 2,0.3543778801843319 0.029148654422440353 0.2837786538893724 0.03704506640569982
14.7 504 7,0.5468509984639017 0.02026980525406551 0.42644874586914905 0.02929769896826499
44.1 168 5,0.15303379416282642 0.02718042295889048 0.10826048109404292 0.02526887178178112
14.7 630 8,0.5795698924731182 0.018680286017233674 0.45630931096382604 0.02802110996687975
29.4 210 6,0.24393241167434718 0.029172120620376624 0.17516015839509685 0.027217495912567384
44.1 168 3,0.21121351766513055 0.029155534402614904 0.15977344896950837 0.029517317823000506
73.5 210 2,0.2540706605222734 0.022023600267923542 0.19862149685438227 0.025224735260900306
29.4 210 2,0.45192012288786493 0.03380952031997726 0.3618831053172718 0.04221791765870127
44.1 504 3,0.30990783410138245 0.022450206579067926 0.23676588006252014 0.024502172739301376
73.5 210 7,0.07880184331797234 0.016038808435119532 0.051099057147148776 0.011651995286175727
73.5 168 4,0.09139784946236561 0.021517373765573833 0.06330104797756035 0.017013267177453963
14.7 504 8,0.5476830517153098 0.018458497291710323 0.42970021579081025 0.028835391399968918
73.5 336 4,0.12509600614439326 0.02420802117523546 0.08848361875951313 0.019373512491952655
44.1 504 6,0.23527905785970302 0.022621260668839235 0.1681864273370597 0.020563152642751804
14.7 336 6,0.49577572964669736 0.023722650094440096 0.38822576344641213 0.03325501118298797
29.4 336 7,0.2945468509984638 0.029477169743609904 0.21814025434233028 0.028820769142345732
44.1 630 8,0.26231438812083974 0.020466712667503557 0.18643348143240973 0.018936663779009596
44.1 336 3,0.26411290322580644 0.028122754605378206 0.20366271738755995 0.0283339747414326
29.4 504 7,0.34338197644649254 0.024858156090974855 0.2560863995745461 0.02697172350013623
73.5 504 6,0.1294162826420891 0.0184738042272502 0.08743852536673688 0.015128403908715475
14.7 420 5,0.5431643625192014 0.020798396736562457 0.4267244492616491 0.03186063373409624
73.5 336 5,0.11175115207373269 0.01770994615790841 0.07750386937614012 0.01562187914209709
44.1 504 2,0.44822068612391197 0.0228201307388442 0.3601836183500056 0.029324692435729115
29.4 336 5,0.3033794162826421 0.024506590927420118 0.2279171051005125 0.02701313510291495
73.5 336 6,0.10186251920122887 0.01863558153223555 0.06872094324152522 0.01518340082235253
29.4 420 6,0.3246543778801843 0.023246400544691685 0.2393733476968426 0.025615962828215183
29.4 168 2,0.4316436251920123 0.042167577380060536 0.3426506833692964 0.04766591026607502
73.5 504 8,0.13044034818228367 0.018843092912282998 0.08730648262216861 0.013874538909842757
29.4 504 2,0.5556195596518178 0.023678401699481547 0.45220631621984525 0.034567917539898886
44.1 168 4,0.16762672811059912 0.025706709633148327 0.12029766040637525 0.023990699348485484
73.5 630 8,0.14720942140296978 0.016788585560760388 0.09879348615044643 0.013145916525230436
29.4 630 5,0.3873015873015874 0.022082804560008017 0.29068934411595326 0.025084254594448314
73.5 210 4,0.09984639016897082 0.021619185358843846 0.07018248138198394 0.01705708025448724
29.4 504 8,0.34485407066052226 0.018292187074138506 0.2573742430800231 0.02417824638012119
73.5 420 7,0.1155145929339478 0.019132596234154475 0.07777790403907155 0.01447615410103254
14.7 630 7,0.5779313876088068 0.021637974166006716 0.45289950142967944 0.029366408693152532
14.7 336 3,0.5639400921658987 0.020810978896291518 0.45462320645150484 0.040507173358630806
14.7 210 5,0.4430107526881722 0.02552882631095819 0.3423865653654688 0.03634569753155091
29.4 420 4,0.35184331797235013 0.024021404986540176 0.2664541587599356 0.026675211690835168
29.4 336 4,0.3230606758832566 0.025024660384094056 0.24428437809813414 0.027400041238004377
44.1 630 7,0.25985663082437277 0.022068790592133694 0.18526482008631578 0.01922660377697981
44.1 210 3,0.2287250384024578 0.029982655873579234 0.1740138813318422 0.03013675135527675
73.5 210 5,0.08817204301075272 0.01900421197445458 0.05988430026953081 0.015872941510343245
73.5 168 3,0.12039170506912443 0.019811723371613084 0.08676712166119868 0.019791129937493927
44.1 420 5,0.22373271889400925 0.0241260365434874 0.1641174606053488 0.0234027081971219
14.7 504 5,0.5675883256528419 0.016561608726135917 0.44799454860744864 0.02943885106921687
14.7 630 5,0.5996927803379416 0.0176128853333795 0.47491150093525114 0.028577693302178298
29.4 420 7,0.3213517665130568 0.028439813798831415 0.23902860792491176 0.028577057881335296
29.4 420 2,0.5334869431643626 0.025742826255150585 0.4334999462449601 0.036400931206539526
73.5 420 4,0.13901689708141324 0.02341202301801531 0.0986114730089602 0.01942482200653469
14.7 336 2,0.66676267281106 0.01799238137587208 0.5558171502699707 0.036817056793300336
29.4 168 5,0.2321428571428571 0.028446346788299114 0.17102591675356227 0.030685669121922592
44.1 168 2,0.3350614439324117 0.03288851591882642 0.2672687040840634 0.03994963698950726
73.5 336 7,0.10291858678955451 0.020351491094064676 0.068661521915999 0.015195467878444457
14.7 210 8,0.4216589861751153 0.028923552368515317 0.3244460597661423 0.03518869889872427
29.4 168 4,0.25268817204301075 0.032279772887219234 0.1858588527925887 0.03073961184079926
73.5 168 6,0.07027649769585255 0.01765886818804673 0.04564960083116576 0.013593501401150359
44.1 504 5,0.24417562724014336 0.02071143282258642 0.1784417118525758 0.021655110829857736
29.4 420 5,0.3307987711213517 0.022269187583482376 0.24896662385414406 0.026572232463209604
73.5 210 6,0.08018433179723504 0.01563503612903161 0.05297821379243026 0.013408861951735958
73.5 336 2,0.29051459293394777 0.020767085520822667 0.22925059013320967 0.02350888718244299
44.1 336 5,0.20516513056835634 0.02521911651676517 0.14975034032625878 0.024769108980785957
29.4 630 8,0.37424475166410653 0.0205726330672582 0.27971656723291966 0.024463950568199975
73.5 168 5,0.07661290322580648 0.020213340754485644 0.05202856092374316 0.016067109888154813
29.4 504 3,0.4285074244751665 0.023053383450367438 0.33308654123058784 0.025979452457548173
29.4 630 2,0.5838197644649258 0.023010732179507224 0.4753266350257846 0.03339085407576815
14.7 630 6,0.5876600102406552 0.019304925657802927 0.4640230658362052 0.028774650267689515
44.1 336 2,0.3991935483870969 0.02760773494544183 0.32198818425139064 0.03421206324617555
73.5 420 3,0.17258064516129035 0.02046270916669191 0.12699027781384384 0.018928663205799397
44.1 420 3,0.28502304147465435 0.025716230998183202 0.21971811361282143 0.02601591288881799
73.5 630 6,0.14679979518689198 0.018991515633669694 0.09910604304756371 0.01543106980172001
44.1 210 4,0.18817204301075274 0.023355767382062742 0.13557409792557226 0.022884061197710956
14.7 210 3,0.49953917050691243 0.030963718559500124 0.399295648280914 0.048947458062306305
29.4 210 4,0.27834101382488474 0.030880543119426694 0.20595587593505318 0.03016613068208886
44.1 420 7,0.21374807987711217 0.021986337760940524 0.15224152702361665 0.019054081921400148
44.1 336 7,0.1933563748079877 0.02412525716348457 0.1368713035763029 0.020109915476888576
73.5 420 2,0.31313364055299536 0.01942663396319361 0.24622453814390827 0.02362545916461428
14.7 336 8,0.4876152073732718 0.021555891680105254 0.38006744776063606 0.030913986450185848
14.7 210 7,0.42181259600614457 0.026326950489303783 0.3203115134608471 0.03342220396601168
44.1 630 5,0.2684075780849974 0.01955857946838342 0.19568989508355603 0.021286279220022936
44.1 336 4,0.22225422427035327 0.02244286089681055 0.16420253087979733 0.022747491466107342
44.1 630 4,0.28868407578085 0.0240886250687131 0.2122741313092353 0.023140194620994578
14.7 504 6,0.5553635432667691 0.017336487465892024 0.43711133335460406 0.028771462112214596
44.1 336 8,0.19508448540706602 0.023383754449547735 0.1374283899399421 0.019646085496837818
44.1 420 8,0.21766513056835643 0.021034733716179175 0.15423257980421648 0.019570397052506513
14.7 420 8,0.5228878648233488 0.021120653528467072 0.40863998836074417 0.030673844835341007
14.7 168 3,0.46831797235023037 0.038616912718821915 0.3732479184385113 0.053470418600305956
29.4 420 3,0.40445468509984633 0.023930124178581938 0.3144378514973372 0.02690692222201992
29.4 630 7,0.37306707629288277 0.023531346015800834 0.27812849695654324 0.026656623916564523
29.4 168 8,0.22523041474654373 0.03135508351216109 0.16215916467916242 0.02971764658824832
73.5 168 2,0.23847926267281103 0.025610437556023286 0.18527241860397176 0.027643957345081387
44.1 210 8,0.1580645161290323 0.02327885910040108 0.10739467132055883 0.018747599043941198
14.7 210 2,0.6172043010752687 0.022487975618242825 0.5059573956781154 0.04368447895568911
73.5 630 5,0.15366103430619563 0.020547767247202243 0.10621950782803481 0.0170824175838007
44.1 630 6,0.2597542242703533 0.020788152113169287 0.1859131591493421 0.020242927085882947
73.5 420 5,0.12334869431643625 0.021196208641762623 0.08604886170404392 0.01667106077811488
