29.4 210 3,0.5500768049155146 0.03546757527413041 0.3604643083771936 0.03505176137678719
14.7 504 3,0.7709933435739887 0.020765556696171618 0.6018596928736033 0.03266056288726244
29.4 504 5,0.4891833077316948 0.02190287132350107 0.30934952602697013 0.025091946048116993
29.4 168 6,0.29512288786482327 0.03634159123691245 0.1681105040057627 0.02689163143239498
44.1 210 6,0.18172043010752692 0.03147315122968234 0.09785817770743375 0.01925419117487857
29.4 630 6,0.5045058883768561 0.022262770314821188 0.32102461764254153 0.024829498255351745
73.5 336 3,0.25739247311827956 0.028384716262293306 0.15392261438779914 0.020974607630385833
29.4 630 4,0.5697388632872502 0.021038379129148535 0.3750271547136983 0.02557796886125422
29.4 336 8,0.41109831029185867 0.030084104027164195 0.2485310292239813 0.027157628248129208
73.5 168 8,0.0771889400921659 0.019740880433909182 0.03983811793706592 0.010690522263858098
14.7 504 4,0.7091653865847413 0.017687610458134703 0.5293871698066597 0.028072926061106812
73.5 504 3,0.36136712749615973 0.0350203604987112 0.2172950913880049 0.024971973542860987
14.7 336 4,0.668010752688172 0.02111043915831031 0.4849805967777813 0.030618484684933445
29.4 168 7,0.293778801843318 0.03576380294529589 0.16711967000797956 0.026200167643727387
44.1 210 5,0.1841781874039939 0.032621028716997576 0.09948280054287825 0.02004589130763394
29.4 210 8,0.3307219662058372 0.035652044272539096 0.19130251418462252 0.02779383239332018
73.5 504 5,0.12896825396825395 0.016197715819616782 0.06494926199336408 0.009410953910646868
14.7 168 4,0.5946620583717358 0.037808384980234894 0.4060970043715364 0.03640760270843166
73.5 420 6,0.11397849462365592 0.01432077029391526 0.05771299960586639 0.008005153066439966
14.7 504 2,0.8402457757296466 0.01767394052968359 0.7159549563465456 0.043216050531368885
73.5 504 4,0.16634664618535583 0.019197815023366812 0.0890155313154377 0.011741177823911415
14.7 630 3,0.7812596006144393 0.01979428889379079 0.6178062243545204 0.03126236951947423
14.7 420 3,0.7613671274961599 0.02435406241299692 0.5876041900551147 0.035319130637930386
29.4 504 4,0.5382104454685102 0.024451407752576898 0.3490764846977027 0.02772289339755947
14.7 168 8,0.564900153609831 0.03504737142360326 0.3787239084197515 0.030296757550151234
44.1 168 7,0.16244239631336402 0.026713871412348204 0.08707048734983351 0.0173229742550877
14.7 630 4,0.7300051203277008 0.017045077949053303 0.5522135756093473 0.027614795578767837
14.7 210 4,0.6192012288786479 0.03282437581099861 0.4320431857400287 0.036343186963817053
44.1 168 8,0.16263440860215048 0.026593528700073636 0.08716789753897647 0.01718115863671775
73.5 420 8,0.11336405529953918 0.014152959966835589 0.05734456212440595 0.007976717658767873
29.4 336 3,0.613863287250384 0.026950209000802992 0.419595450610719 0.02990439704794838
73.5 504 2,0.6424091141833078 0.026827567183817503 0.455955935603603 0.0336677880039255
14.7 336 5,0.6450652841781876 0.02407171001136213 0.46243199233263604 0.028072084212324874
29.4 420 8,0.4480798771121352 0.025880863386291666 0.2763185812615054 0.02575152826362909
44.1 504 4,0.3914490527393753 0.0272385372039942 0.2306036251427661 0.022710964397866684
14.7 336 7,0.6323924731182796 0.025104826582056962 0.45139197445925044 0.027700419024091465
14.7 168 5,0.5689324116743472 0.03328852985064414 0.3823556300258455 0.03014835314271436
73.5 630 4,0.21280081925243216 0.022075204867944356 0.11325901419372718 0.013709263869955964
73.5 210 3,0.1674347158218126 0.029281918108299547 0.0984868356584985 0.020608833698645065
44.1 420 6,0.2722734254992319 0.022356168150409538 0.15034313112065512 0.016701670575214374
14.7 630 2,0.8437275985663083 0.015240008358727465 0.7262036776801044 0.03826004877967719
29.4 336 2,0.7780337941628264 0.02728534485169941 0.6112463842537714 0.04508628021340659
14.7 420 2,0.8380184331797236 0.02158996967667965 0.7076382739423008 0.04794973288334894
44.1 504 7,0.29685099846390167 0.0251362592254214 0.16483484255493824 0.019622916572319734
44.1 168 6,0.16244239631336402 0.026151763578871424 0.08705382034818479 0.01690973484582411
29.4 210 7,0.3308755760368664 0.03561164909447542 0.19137641044337814 0.027790240755212414
29.4 168 3,0.5036482334869432 0.03947428962905948 0.3234882533076314 0.03629419361436798
29.4 630 3,0.6774193548387094 0.018496506116918568 0.48235217251863777 0.0264875640147629
29.4 336 6,0.4138824884792627 0.02888429059661734 0.2504365907141116 0.02612556655862055
73.5 168 7,0.0771889400921659 0.019740880433909182 0.03983811793706592 0.010690522263858098
73.5 630 7,0.1492063492063492 0.015713484026367724 0.0731171140274554 0.00964966198723668
14.7 420 4,0.690937019969278 0.018327590566625952 0.50925887700159 0.02909695830212695
44.1 630 2,0.7432667690732205 0.018084400155054334 0.5779678245051351 0.03022975991761778
44.1 630 3,0.6001024065540194 0.026985438611148355 0.3952139359513596 0.028070635056074315
44.1 336 6,0.23185483870967738 0.024708855761165195 0.1269457907695583 0.016540083046171015
73.5 630 2,0.6565284178187403 0.02225393618562799 0.47016748739356234 0.029625933885822908
73.5 336 8,0.09562211981566818 0.01332584651271189 0.0487607889530722 0.007021921132264023
29.4 210 5,0.33824884792626736 0.03201208240024752 0.1963703849054656 0.02610930727263394
44.1 210 7,0.1811059907834102 0.030777216064806615 0.09745902768295706 0.018792221782390338
14.7 168 7,0.5647081413210446 0.035222611996628524 0.3788859262206735 0.03136566109336303
14.7 420 6,0.6612903225806452 0.022660183646186507 0.4799651938109442 0.028405032585479606
14.7 168 2,0.8225806451612903 0.03885391318795999 0.6576482665190021 0.07225206785128392
73.5 210 8,0.08725038402457756 0.01906247871887996 0.04514728975325329 0.010750881283593002
73.5 630 3,0.4199692780337943 0.0326217520454613 0.2516906969785508 0.024600162731883313
14.7 420 7,0.6579877112135177 0.022511047744052066 0.4766653823683122 0.027410716853517595
44.1 420 2,0.7298771121351767 0.025834324060068484 0.554777956038659 0.03748984549093983
73.5 504 7,0.12359190988223245 0.01632418170104564 0.061599904397529506 0.009559974886594233
44.1 420 4,0.3513824884792626 0.028312796346608347 0.20489468055023735 0.022442185808726808
29.4 504 6,0.47356630824372775 0.02365105082974319 0.29689821820934875 0.025357334704593205
44.1 504 8,0.29621095750128 0.025688536599305544 0.1643597271721739 0.019857485953643988
14.7 168 6,0.564900153609831 0.0348183460210054 0.378886164361105 0.03098189547581783
14.7 210 6,0.5874039938556066 0.031944936237311115 0.40357164763827136 0.031703077316580265
44.1 210 2,0.6874039938556068 0.036135223144304035 0.49865527806644394 0.0471983528437116
14.7 504 7,0.6785714285714287 0.0195900636309326 0.49852936845838275 0.027433282831005767
44.1 168 5,0.16282642089093702 0.02647124617712049 0.08733936505812406 0.017342404275265844
14.7 630 8,0.7012288786482334 0.018403999204861892 0.5216944976251068 0.026069124401074503
29.4 210 6,0.33210445468509986 0.034992036293390955 0.19227426520175464 0.027427777943719547
44.1 168 3,0.3225806451612903 0.04026951376011776 0.19535172109803264 0.027456246854376
73.5 210 2,0.5680491551459292 0.04080589577456057 0.3842353546777706 0.041620756194710534
29.4 210 2,0.7583717357910906 0.033057178259863644 0.5778769636941681 0.05480410820461816
44.1 504 3,0.5699564772145417 0.03138381322853334 0.37146513386242214 0.0302612556062334
73.5 210 7,0.08709677419354837 0.01951026274569269 0.045075492921813426 0.011012885195477322
73.5 168 4,0.07910906298003072 0.02012559930607355 0.04144073574958271 0.01134604146454239
14.7 504 8,0.6774193548387096 0.021587130949520448 0.49738892306334637 0.02801013487002639
73.5 336 4,0.1096390168970814 0.015622769283262667 0.058382867093431656 0.008087746235374395
44.1 504 6,0.30113927291346654 0.025809448456100937 0.1676027368520882 0.019688003751182567
14.7 336 6,0.6348886328725039 0.02578439792159953 0.45316777654769114 0.028688730998162222
29.4 336 7,0.4112903225806452 0.029650515003758496 0.24864995645195698 0.026876226690071437
44.1 630 8,0.34116743471582184 0.02476143041765713 0.190434185070066 0.02003322699534623
44.1 336 3,0.49375960061443924 0.03581299434253935 0.3144397241854212 0.03016593388049099
29.4 504 7,0.4714541730670762 0.024361442219049373 0.29516133045126264 0.025619559405952227
73.5 504 6,0.1248079877112135 0.01597950421812755 0.06230154892794095 0.009306562716639032
14.7 420 5,0.6691244239631338 0.02224082576453095 0.4876852329579647 0.028667993124137602
73.5 336 5,0.09600614439324114 0.014282668604855149 0.04915301555592046 0.007233248654319615
44.1 504 2,0.7365591397849461 0.020953889342621965 0.566146540497672 0.03378296653616466
29.4 336 5,0.42597926267281105 0.027452050044392 0.2598045143724587 0.02642688332981804
73.5 336 6,0.09533410138248845 0.013405840927930146 0.04862129497049865 0.00699278695570206
29.4 420 6,0.45176651305683563 0.02584231470464551 0.2792342764923336 0.0261624670375912
29.4 168 2,0.7461597542242703 0.03847343670923619 0.5595121245702817 0.059576525111890294
73.5 504 8,0.12371991807475677 0.01644319918321398 0.06165134329976466 0.009575712079246056
29.4 504 2,0.7898745519713262 0.023315595054509253 0.6359843236552261 0.039070736333920546
44.1 168 4,0.17645929339477726 0.030145317829171063 0.09652270376219567 0.018661942573185316
73.5 630 8,0.14879672299027136 0.015541691795495426 0.07288159363699716 0.00957571602640343
29.4 630 5,0.5230926779313876 0.01799370870745144 0.33570626240316165 0.023107028352941282
73.5 210 4,0.09324116743471582 0.021288128041384507 0.04897780305306204 0.012117724098260046
29.4 504 8,0.4699820788530465 0.023268636160058562 0.2940401689445213 0.02494070287523983
73.5 420 7,0.11344086021505377 0.014356562504628302 0.05739371537046399 0.008063899146984804
14.7 630 7,0.70373783922171 0.01814981030449953 0.524167950946256 0.026873800787525944
14.7 336 3,0.746351766513057 0.02550946669659451 0.5670783574200177 0.03637102911024844
14.7 210 5,0.5932411674347157 0.03037748497200152 0.40867461591268756 0.03146652347027726
29.4 420 4,0.5118279569892473 0.025143024941892692 0.32718441231813256 0.02723603538022571
29.4 336 4,0.4728302611367127 0.03009360032070664 0.29679757063762247 0.02973116548426225
44.1 630 7,0.342652329749104 0.024579599677488104 0.19147010095463332 0.020008152644891426
44.1 210 3,0.38264208909370206 0.04054252064133229 0.23595234478648006 0.028385603654889152
73.5 210 5,0.08847926267281105 0.018214265877458235 0.045801497901130056 0.010119784446046588
73.5 168 3,0.1346006144393241 0.028713381815537075 0.07876020206506798 0.019753793295450007
44.1 420 5,0.2870199692780338 0.025777633679164972 0.16040774339408848 0.019165166438975773
14.7 504 5,0.6878520225294417 0.017656084194936576 0.5077219851167648 0.02716744959160679
14.7 630 5,0.7117255504352278 0.016748403281645476 0.5325519733784092 0.026832610097337783
29.4 420 7,0.4484639016897082 0.025811022929186748 0.27662477348201414 0.0256654145342202
29.4 420 2,0.7872503840245775 0.025092531465723832 0.6269698907661356 0.04160592829027514
73.5 420 4,0.1412442396313364 0.015339847210222073 0.07553909940542891 0.009554542890199453
14.7 336 2,0.8336213517665131 0.02273339546160266 0.695814588919949 0.05133413402537545
29.4 168 5,0.2980030721966205 0.035808103984263484 0.16996426595510947 0.026149336614867076
44.1 168 2,0.6710829493087557 0.04101609013575553 0.47868871409814007 0.05120155494565748
73.5 336 7,0.09533410138248846 0.013104047426356364 0.04860937936511812 0.006905586323227572
14.7 210 8,0.5850998463901688 0.03153456816063002 0.4012592736935637 0.03096629956269525
29.4 168 4,0.3365975422427035 0.03755006379698812 0.19703133959601374 0.03017268231414054
73.5 168 6,0.07699692780337941 0.020054026711439184 0.03975796438903809 0.010851195716981801
44.1 504 5,0.32072452636968757 0.0275968266244515 0.18102908898553377 0.0211818386758383
29.4 420 5,0.46351766513056836 0.02432910115553851 0.2883018127679757 0.026315757151114522
73.5 210 6,0.08678955453149001 0.019074852935515068 0.044898513704565705 0.010742256617857581
73.5 336 2,0.6107910906298004 0.03225635007513418 0.4249378349103998 0.03741489448595841
44.1 336 5,0.24116743471582178 0.025315784466605873 0.13311129357114745 0.017171052229996597
29.4 630 8,0.49923195084485406 0.021823170645640304 0.3169564154050807 0.024754247016784938
73.5 168 5,0.07680491551459293 0.01938278223240382 0.03966191055047102 0.010432785534690143
29.4 504 3,0.6577060931899642 0.022559968612452845 0.4624249677717089 0.02874882781412705
29.4 630 2,0.7938556067588327 0.022276073787155137 0.6467371183827193 0.03663687334515818
14.7 630 6,0.7051715309779825 0.017443867603367257 0.5259957770545576 0.026586225515792806
44.1 336 2,0.7181259600614438 0.028518511668277777 0.5385880051202839 0.040165202567571695
73.5 420 3,0.315284178187404 0.031242140075393724 0.18884162233072332 0.0223848322219726
44.1 420 3,0.5418586789554531 0.03307876344886286 0.349347493077866 0.029217394087280666
73.5 630 6,0.1502816180235535 0.015803159630859216 0.07382855379574521 0.009653090492885001
44.1 210 4,0.20614439324116748 0.03449147908048706 0.11462299054375376 0.02239439504117334
14.7 210 3,0.7070660522273424 0.03272141801706751 0.5178517015882695 0.04177383309785706
29.4 210 4,0.3821812596006145 0.03559309169399982 0.22881400156851148 0.03103312663369294
44.1 420 7,0.27073732718894 0.022581167637664205 0.14932310451877065 0.01676023549994253
44.1 336 7,0.23175883256528415 0.02480565432521221 0.12675083191000883 0.016252399661443373
73.5 420 2,0.6319508448540707 0.029514481168073734 0.4443837593639271 0.03557961894682705
14.7 336 8,0.6307603686635945 0.025433475492840866 0.44969410190649367 0.027635502327828926
14.7 210 7,0.5857142857142856 0.031679397554099424 0.40182164565570544 0.03134768348520851
44.1 630 5,0.37004608294930874 0.02528695491577178 0.2108290382035986 0.020951578495736724
44.1 336 4,0.293010752688172 0.027202117403496765 0.16856256511472564 0.020149416009318823
44.1 630 4,0.4390681003584231 0.023820367625728586 0.26133887904809683 0.02139433365012873
14.7 504 6,0.6818996415770612 0.01850592971684711 0.5016263192524754 0.027097470710943684
44.1 336 8,0.2313748079877112 0.02507176151286798 0.12651274758685374 0.01636401123781438
44.1 420 8,0.26973886328725033 0.02291877210897677 0.1487128921362583 0.016966347428093213
14.7 420 8,0.6556067588325655 0.023667382062709866 0.4750507479191826 0.02855404885009803
14.7 168 3,0.6875960061443933 0.03423961927641219 0.4940008570280169 0.04308412434128239
29.4 420 3,0.642089093701997 0.024411642256485285 0.4457732503834199 0.029468339366004685
29.4 630 7,0.5015873015873016 0.022415225072220924 0.3188202553754316 0.025037530942598436
29.4 168 8,0.2932027649769585 0.036190114331892 0.16680778039473082 0.026493627098251937
73.5 168 2,0.5343701996927802 0.0468863971934139 0.3570659557379331 0.04381209042555044
44.1 210 8,0.18125960061443938 0.031236097400403617 0.09754376850196175 0.018994236154176614
14.7 210 2,0.8276497695852533 0.03317758996383283 0.6722315921461047 0.06371809763137189
73.5 630 5,0.15873015873015875 0.017081493023520532 0.07903312999267033 0.010386982930240264
44.1 630 6,0.34782386072708654 0.02440372032623466 0.19489367810705532 0.019919276861745907
73.5 420 5,0.11628264208909371 0.014093649677405954 0.05928262183055614 0.007947665831203751
