115226	115226	0	0	1
114770	114752	0.000156835	7.84177E-05	2
109265	109265	0	5.22785E-05	3
106042	106042	0	3.92089E-05	4
102430	102422	7.81021E-05	4.69875E-05	5
56824	56824	0	3.91563E-05	6
52285	52053	0.004437219	0.000667451	7
47773	47682	0.001904842	0.000822125	8
37286	37284	5.36394E-05	0.000736738	9
34380	34376	0.000116347	0.000674698	10
32434	32433	3.08318E-05	0.000616165	11
31942	31942	0	0.000564818	12
31935	31935	0	0.00052137	13
30749	29522	0.039903737	0.003334397	14
30409	30408	3.2885E-05	0.003114296	15
30368	30368	0	0.002919652	16
28346	27810	0.018909194	0.003860214	17
27461	27454	0.000254907	0.003659919	18
27440	27440	0	0.003467291	19
27343	27343	0	0.003293927	20
27227	27227	0	0.003137073	21
27201	27201	0	0.002994479	22
27023	27022	3.70055E-05	0.002865893	23
26690	26690	0	0.002746481	24
26679	26679	0	0.002636622	25
26604	26601	0.000112765	0.00253955	26
26595	26561	0.001278436	0.002492842	27
26591	26591	0	0.002403812	28
26444	26439	0.000189079	0.002327442	29
26444	26444	0	0.002249861	30
26442	26442	0	0.002177285	31
26431	26431	0	0.002109244	32
26284	26284	0	0.002045328	33
26238	26238	0	0.001985171	34
26233	26233	0	0.001928452	35
26204	26204	0	0.001874884	36
26058	26058	0	0.001824211	37
26054	26054	0	0.001776206	38
25816	25816	0	0.001730662	39
25767	25767	0	0.001687396	40
25557	25557	0	0.00164624	41
24609	24414	0.00792393	0.001795708	42
24298	24297	4.11557E-05	0.001754905	43
22624	22624	0	0.001715021	44
21947	21947	0	0.001676909	45
21286	0	1	0.023379585	46
21277	21234	0.002020962	0.022925146	47
20054	20023	0.001545826	0.022479744	48
19524	19524	0	0.022020973	49
19157	19157	0	0.021580554	50
19133	19124	0.000470391	0.021166629	51
18961	18961	0	0.020759579	52
18859	18858	5.30251E-05	0.020368889	53
18708	18708	0	0.019991687	54
18243	18240	0.000164447	0.019631192	55
18053	0	1	0.037137778	56
17570	17558	0.000682982	0.03649822	57
17430	17430	0	0.03586894	58
17417	17317	0.005741517	0.035358306	59
17198	17198	0	0.034769001	60
17012	16995	0.000999295	0.034215399	61
16741	15479	0.075383788	0.034879406	62
16698	16698	0	0.034325764	63
16487	16392	0.005762116	0.033879457	64
16301	16301	0	0.033358235	65
16193	16193	0	0.032852807	66
16080	14683	0.086878109	0.033659155	67
15869	15858	0.000693175	0.033174361	68
15595	0	1	0.047186327	69
15535	15524	0.000708079	0.046522352	70
15507	14135	0.088476172	0.047113251	71
15399	15356	0.002792389	0.046497683	72
15374	15339	0.002276571	0.045891914	73
15191	14993	0.013034033	0.045447889	74
14834	14804	0.002022381	0.044868882	75
14796	14794	0.000135172	0.044280281	76
14618	14618	0	0.043705212	77
14324	14324	0	0.043144889	78
14182	14177	0.00035256	0.042603214	79
13929	0	1	0.054570674	80
13854	13816	0.00274289	0.053930825	81
13482	12950	0.039460021	0.053754351	82
13398	13363	0.00261233	0.053138182	83
13344	13344	0	0.052505585	84
13226	0	1	0.063652578	85
13172	13167	0.000379593	0.062916846	86
13109	13104	0.000381417	0.062198048	87
13056	13056	0	0.061491252	88
13052	13051	7.66166E-05	0.0608012	89
13034	12791	0.018643548	0.060332781	90
12927	12925	0.000154715	0.059671484	91
12919	12918	7.74054E-05	0.059023722	92
12902	0	1	0.069141747	93
12763	0	1	0.079044494	94
12734	12724	0.000785299	0.078220713	95
12646	12646	0	0.077405914	96
12630	12629	7.91766E-05	0.076608731	97
12550	12550	0	0.075827009	98
12404	12404	0	0.07506108	99
12344	12343	8.1011E-05	0.074311279	100
12045	11924	0.010045662	0.073674986	101
12034	11888	0.012132292	0.073071626	102
12002	12002	0	0.072362193	103
11912	11910	0.000167898	0.071668017	104
11867	11866	8.42673E-05	0.070986267	105
11830	11750	0.006762468	0.070380382	106
11762	11762	0	0.069722622	107
11730	9104	0.223870418	0.071149916	108
11716	11716	0	0.070497164	109
11665	0	1	0.07894719	110
11621	11511	0.009465623	0.07832123	111
11619	11609	0.000860659	0.077629618	112
11553	11541	0.001038691	0.076951822	113
11552	10600	0.082409972	0.076999701	114
11547	11541	0.000519615	0.076334656	115
11499	0	1	0.084297289	116
11432	11206	0.019769069	0.083745765	117
11303	10146	0.102362205	0.083903532	118
11287	11182	0.009302738	0.083276634	119
11256	11139	0.010394456	0.082669283	120
11232	11231	8.90313E-05	0.081986802	121
11228	11175	0.004720342	0.08135347	122
11220	11217	0.00026738	0.080694233	123
11107	11079	0.002520933	0.080063804	124
11100	11100	0	0.079423293	125
11060	11053	0.000632911	0.078797973	126
11040	11005	0.00317029	0.078202479	127
11030	11029	9.06618E-05	0.077592231	128
11028	11011	0.001541531	0.07700269	129
10982	10982	0	0.076410362	130
10832	0	1	0.083460664	131
10791	0	1	0.090404144	132
10785	10728	0.005285118	0.089764152	133
10720	10705	0.001399254	0.089104712	134
10710	9942	0.071708683	0.088975853	135
10638	10591	0.004418124	0.088354105	136
10628	10574	0.005080918	0.087746271	137
10586	10586	0	0.087110429	138
10534	10442	0.008733624	0.086546567	139
10491	10473	0.001715756	0.085940632	140
10438	0	1	0.092423323	141
10438	10438	0	0.091772454	142
10437	0	1	0.098123696	143
10367	10367	0	0.097442281	144
10322	10320	0.000193761	0.096771602	145
10297	10296	9.71157E-05	0.096109448	146
10275	0	1	0.102258363	147
10267	10267	0	0.101567428	148
10223	9255	0.094688448	0.101521261	149
10130	10123	0.000691017	0.100849059	150
10112	10112	0	0.100181184	151
10064	10054	0.000993641	0.099528635	152
10041	0	1	0.105414069	153
10031	10031	0	0.104729562	154
10012	10012	0	0.104053887	155
9961	9930	0.003112137	0.103406825	156
9936	0	1	0.109117609	157
9911	9890	0.002118858	0.108440402	158
9876	9866	0.001012556	0.107764755	159
9859	0	1	0.113341225	160
9857	9855	0.000202901	0.112638503	161
9824	9824	0	0.111943203	162
9771	9768	0.000307031	0.111258319	163
9760	9760	0	0.110579915	164
9750	9700	0.005128205	0.109940813	165
9748	9748	0	0.109278519	166
9736	9663	0.007497946	0.108669055	167
9729	9726	0.000308356	0.108024051	168
9720	9703	0.001748971	0.107395204	169
9700	0	1	0.11264582	170
9680	9667	0.001342975	0.111994927	171
9668	9668	0	0.111343793	172
9620	8988	0.065696466	0.111079936	173
9614	4866	0.493863116	0.113279839	174
9586	9586	0	0.112632526	175
9579	8512	0.111389498	0.112625463	176
9577	9575	0.000208834	0.111990341	177
9567	9548	0.001985994	0.111372339	178
9435	9356	0.008373079	0.110796924	179
9430	9415	0.001590668	0.110190223	180
9426	0	1	0.115106299	181
9417	9416	0.000106191	0.11447443	182
9384	9279	0.011189258	0.11391003	183
9382	9382	0	0.113290954	184
9374	9374	0	0.11267857	185
9369	9369	0	0.112072772	186
9368	9368	0	0.111473452	187
9349	9349	0	0.110880508	188
9333	0	1	0.115584844	189
9329	9329	0	0.114976503	190
9313	9312	0.000107377	0.114375094	191
9300	9298	0.000215054	0.11378051	192
9247	9242	0.000540716	0.113193776	193
9246	0	1	0.117764942	194
9190	9169	0.002285092	0.117172737	195
9170	9159	0.001199564	0.116581037	196
9131	8673	0.0501588	0.116243869	197
9072	9072	0	0.115656778	198
9039	9033	0.00066379	0.115078924	199
9006	8967	0.004330446	0.114525182	200
9002	9001	0.000111086	0.113955958	201
8980	8980	0	0.113391819	202
8963	0	1	0.117759347	203
8963	8940	0.002566105	0.117194674	204
8943	8893	0.005590965	0.116650266	205
8939	0	1	0.120938372	206
8936	8514	0.047224709	0.120582267	207
8897	8770	0.014274475	0.120071172	208
8849	0	1	0.124281357	209
8805	8804	0.000113572	0.123690082	210
8798	8780	0.00204592	0.12311357	211
8793	8673	0.013647219	0.122597219	212
8781	8781	0	0.122021645	213
8768	8768	0	0.121451451	214
8749	8739	0.001142988	0.120891876	215
8711	8670	0.004706693	0.120353982	216
8710	8710	0	0.119799355	217
8702	0	1	0.123836973	218
8700	8650	0.005747126	0.12329775	219
8682	8681	0.000115181	0.122737829	220
8665	8301	0.042008078	0.122372536	221
8631	8572	0.006835824	0.121852101	222
8625	3980	0.538550725	0.123720704	223
8617	0	1	0.127632665	224
8592	8592	0	0.127065409	225
8575	6461	0.246530612	0.127594016	226
8551	8549	0.000233891	0.127032958	227
8544	8544	0	0.126475796	228
8506	8435	0.008347049	0.12595995	229
8503	8498	0.000588028	0.125414855	230
8494	8494	0	0.124871933	231
8488	8488	0	0.124333692	232
8483	8483	0	0.123800071	233
8468	0	1	0.127544515	234
8454	0	1	0.131257092	235
8439	8437	0.000236995	0.130701922	236
8298	8097	0.024222704	0.130252643	237
8276	8276	0	0.129705363	238
8228	0	1	0.133346763	239
8219	5212	0.365859594	0.134315566	240
8203	8175	0.003413385	0.133772404	241
8202	8200	0.000243843	0.133220633	242
8111	8084	0.003328813	0.132686099	243
8063	7890	0.021456034	0.132230238	244
8061	8061	0	0.131690522	245
8054	0	1	0.135220236	246
8049	7998	0.006336191	0.134698438	247
8028	8019	0.001121076	0.13415982	248
7984	7982	0.000250501	0.133622031	249
7978	7920	0.007269992	0.133116623	250
7971	7890	0.010161837	0.132626763	251
7960	7482	0.060050251	0.132338761	252
7957	7954	0.000377027	0.131817173	253
7944	7944	0	0.131298208	254
7942	7917	0.003147822	0.130795658	255
7942	7933	0.001133216	0.130289164	256
7932	7916	0.002017146	0.129790051	257
7922	7922	0	0.129286989	258
7914	6064	0.233762952	0.129690371	259
7906	7906	0	0.129191562	260
7884	0	1	0.132527992	261
7837	7725	0.014291183	0.132076707	262
7806	7790	0.002049705	0.131582308	263
7798	7795	0.000384714	0.131085347	264
7730	0	1	0.13436427	265
7730	7726	0.000517464	0.133861087	266
7716	7716	0	0.133359734	267
7692	0	1	0.136593467	268
7688	7688	0	0.136085684	269
7687	7669	0.002341616	0.135590336	270
7682	7667	0.001952617	0.135097208	271
7672	0	1	0.138276997	272
7661	7640	0.002741157	0.137780529	273
7639	0	1	0.140927316	274
7638	7638	0	0.140414853	275
7637	5290	0.307319628	0.14101958	276
7635	7635	0	0.140510484	277
7630	7593	0.004849279	0.140022494	278
7605	7602	0.000394477	0.139522035	279
7603	0	1	0.142595171	280
7600	7600	0	0.142087715	281
7589	0	1	0.145129957	282
7584	7576	0.001054852	0.144620858	283
7574	7568	0.000792184	0.144114419	284
7540	7539	0.000132626	0.143609219	285
7529	7529	0	0.143107089	286
7524	7498	0.003455609	0.142620499	287
7505	7505	0	0.142125289	288
7489	7486	0.000400588	0.141634892	289
7484	7411	0.009754142	0.14118013	290
7479	7450	0.003877524	0.1407083	291
7456	7072	0.051502146	0.1404028	292
7435	0	1	0.143336579	293
7435	0	1	0.1462504	294
7424	0	1	0.149144466	295
7422	7418	0.000538938	0.14864242	296
7402	7387	0.002026479	0.148148764	297
7388	0	1	0.151007325	298
7379	7379	0	0.150502284	299
7366	7249	0.01588379	0.150053556	300
7357	7330	0.003669974	0.149567232	301
7344	7342	0.000272331	0.149072878	302
7323	7091	0.031681005	0.148685446	303
7321	7278	0.005873515	0.14821567	304
7319	7319	0	0.147729717	305
7319	7319	0	0.14724694	306
7317	7317	0	0.146767308	307
7309	7306	0.000410453	0.146292123	308
7285	7272	0.001784489	0.145824461	309
7282	7277	0.000686625	0.145356275	310
7272	7272	0	0.144888891	311
7242	7236	0.0008285	0.144427159	312
7236	7230	0.000829187	0.14396838	313
7233	7129	0.014378543	0.143555673	314
7222	7120	0.014123511	0.143144777	315
7216	0	1	0.145856344	316
7214	0	1	0.148550804	317
7198	7110	0.012225618	0.148122108	318
7195	7145	0.00694927	0.14767956	319
7194	7187	0.000973033	0.147221102	320
7194	7194	0	0.14676247	321
7160	7158	0.00027933	0.146307553	322
7157	7152	0.000698617	0.145856751	323
7144	7144	0	0.145406576	324
7110	7085	0.003516174	0.14496999	325
7101	7077	0.003379806	0.144535665	326
7082	6998	0.011861056	0.144129932	327
7074	6921	0.021628499	0.143756452	328
7069	7068	0.000141463	0.143319932	329
7067	7042	0.003537569	0.142896349	330
7054	6670	0.054437199	0.142629101	331
7033	7033	0	0.142199495	332
7032	6777	0.036262799	0.141881367	333
7031	5869	0.165268098	0.141951387	334
7018	7017	0.000142491	0.141528077	335
7017	7009	0.001140088	0.141110256	336
6975	6975	0	0.140691531	337
6972	6671	0.043172691	0.140403014	338
6967	6916	0.007320224	0.140010439	339
6960	6957	0.000431034	0.139599911	340
6942	6931	0.001584558	0.139195174	341
6931	6931	0	0.138788171	342
6925	6925	0	0.138383541	343
6914	6905	0.001301707	0.137985047	344
6895	6894	0.000145033	0.137585511	345
6877	6877	0	0.137187865	346
6877	6626	0.036498473	0.136897694	347
6858	6828	0.004374453	0.13651688	348
6854	6854	0	0.136125714	349
6846	0	1	0.138593926	350
6803	6794	0.001322946	0.138202841	351
6763	0	1	0.140651128	352
6763	6753	0.001478634	0.140256872	353
6754	6754	0	0.139860666	354
6742	6742	0	0.139466692	355
6723	6723	0	0.139074932	356
6723	0	1	0.141486487	357
6715	6714	0.00014892	0.141091689	358
6707	6707	0	0.140698676	359
6703	6590	0.016858123	0.140354674	360
6694	6456	0.035554228	0.140064368	361
6680	0	1	0.142439881	362
6668	6663	0.00074985	0.142049551	363
6666	6380	0.04290429	0.141777173	364
6661	0	1	0.144128469	365
6625	6354	0.04090566	0.143846439	366
6620	0	1	0.146179283	367
6613	6607	0.000907304	0.145784522	368
6603	6093	0.077237619	0.145598758	369
6597	6597	0	0.145205248	370
6580	5873	0.107446809	0.145103473	371
6578	6562	0.00243235	0.144719949	372
6563	0	1	0.147012925	373
6559	6167	0.059765208	0.146779642	374
6536	6536	0	0.14638823	375
6522	6522	0	0.145998899	376
6516	5980	0.082259055	0.145829828	377
6508	0	1	0.148089537	378
6501	6501	0	0.1476988	379
6489	6489	0	0.147310119	380
6458	6454	0.000619387	0.146925104	381
6453	6452	0.000154967	0.146540889	382
6447	6447	0	0.146158275	383
6437	6436	0.000155352	0.145778059	384
6428	5944	0.075295582	0.145594988	385
6410	6228	0.028393136	0.145291356	386
6410	0	1	0.147499906	387
6401	6400	0.000156226	0.147120154	388
6384	6383	0.000156642	0.146742356	389
6368	6367	0.000157035	0.146366496	390
6366	6365	0.000157085	0.145992559	391
6362	6362	0	0.145620129	392
6356	0	1	0.147794124	393
6348	6345	0.00047259	0.147420211	394
6326	6325	0.000158078	0.147047395	395
6308	0	1	0.149201316	396
6277	6276	0.000159312	0.148825896	397
6253	6252	0.000159923	0.148452363	398
6248	6246	0.000320102	0.148081104	399
6240	5991	0.039903846	0.147810661	400
6235	6234	0.000160385	0.147442456	401
6232	6037	0.031290116	0.14715352	402
6230	6228	0.000321027	0.146789171	403
6225	6221	0.00064257	0.146427422	404
6215	6215	0	0.146065873	405
6213	6124	0.014324803	0.145741387	406
6210	6210	0	0.1453833	407
6194	6193	0.000161447	0.145027365	408
6191	0	1	0.147117762	409
6191	6187	0.000646099	0.146760514	410
6174	6174	0	0.146403433	411
6149	6078	0.011546593	0.14607611	412
6142	0	1	0.148143723	413
6126	6126	0	0.147785888	414
6123	0	1	0.149839415	415
6116	0	1	0.151883071	416
6116	0	1	0.153916924	417
6101	5790	0.05097525	0.153670652	418
6096	6096	0	0.153303897	419
6081	4847	0.20292715	0.153422047	420
6080	6080	0	0.153057624	421
6068	6060	0.001318392	0.152698053	422
6064	6064	0	0.152337064	423
6063	5938	0.020616856	0.152026403	424
6051	5860	0.031565031	0.151742965	425
6045	0	1	0.153734179	426
6043	6043	0	0.153374145	427
6042	6031	0.001820589	0.153020048	428
6041	5951	0.014898196	0.152698086	429
6040	6030	0.001655629	0.152346824	430
6033	6032	0.000165755	0.151993736	431
6030	6022	0.0013267	0.15164497	432
6025	6001	0.003983402	0.15130395	433
6015	6013	0.000332502	0.15095609	434
6010	0	1	0.152907915	435
5997	5997	0	0.152557208	436
5995	4859	0.189491243	0.152641726	437
5992	5842	0.025033378	0.152350382	438
5991	4390	0.267234185	0.152612077	439
5982	5909	0.012203276	0.152292966	440
5982	5957	0.004179204	0.151957107	441
5978	5978	0	0.151613313	442
5978	5978	0	0.15127107	443
5978	5944	0.005687521	0.150943179	444
5978	5976	0.00033456	0.150604733	445
5975	0	1	0.152509207	446
5968	5932	0.006032172	0.152181518	447
5967	5967	0	0.151841827	448
5955	4999	0.160537364	0.151861193	449
5948	5942	0.001008742	0.151525966	450
5943	5921	0.003701834	0.151198196	451
5943	5943	0	0.150863687	452
5936	4989	0.15953504	0.150882829	453
5935	0	1	0.152753131	454
5921	5921	0	0.15241741	455
5920	5920	0	0.152083161	456
5919	5918	0.000168947	0.151750745	457
5907	0	1	0.153602817	458
5878	5841	0.006294658	0.153281885	459
5874	5874	0	0.152948663	460
5864	5860	0.000682128	0.152618367	461
5862	5862	0	0.152288024	462
5858	4778	0.184363264	0.152357301	463
5851	5851	0	0.152028945	464
5850	5850	0	0.151702001	465
5850	5850	0	0.15137646	466
5833	5833	0	0.151052313	467
5832	5832	0	0.150729552	468
5830	5826	0.000686106	0.15040963	469
5825	5825	0	0.15008961	470
5821	5794	0.004638378	0.149780796	471
5815	5815	0	0.149463464	472
5809	0	1	0.151261638	473
5807	0	1	0.153052225	474
5805	5776	0.004995693	0.152740528	475
5804	5781	0.003962784	0.152427969	476
5803	5803	0	0.152108414	477
5803	5750	0.009133207	0.151809302	478
5800	5628	0.029655172	0.151554283	479
5799	0	1	0.153321879	480
5798	5564	0.040358744	0.153087028	481
5798	5749	0.00845119	0.152786954	482
5791	5775	0.002762908	0.152476345	483
5789	5698	0.015719468	0.152193789	484
5786	0	1	0.153941843	485
5780	0	1	0.155682704	486
5777	5770	0.001211702	0.155365515	487
5777	5774	0.000519301	0.155048207	488
5762	5762	0	0.154731135	489
5760	5759	0.000173611	0.154415712	490
5736	5689	0.008193863	0.154117907	491
5729	5729	0	0.15380466	492
5725	5724	0.000174672	0.153493037	493
5724	5721	0.000524109	0.153183383	494
5721	5721	0	0.152873922	495
5715	5705	0.001749781	0.152569236	496
5712	5712	0	0.152262256	497
5709	5709	0	0.151956508	498
5708	5675	0.005781359	0.151663572	499
5704	5651	0.009291725	0.151378828	500
5700	5700	0	0.151076675	501
5699	5698	0.000175469	0.150776075	502
5699	5691	0.001403755	0.150479112	503
5676	5676	0	0.150180542	504
5672	4275	0.246297602	0.150370873	505
5659	5419	0.04241032	0.150157512	506
5655	5550	0.018567639	0.149897966	507
5652	0	1	0.151571396	508
5648	5648	0	0.151273613	509
5636	5636	0	0.150976998	510
5633	5633	0	0.150681544	511
5632	0	1	0.152340369	512
5632	5632	0	0.152043409	513
5621	5621	0	0.151747605	514
5619	5619	0	0.151452949	515
5618	5618	0	0.151159436	516
5607	0	1	0.152801294	517
5594	5593	0.000178763	0.152506656	518
5591	5530	0.010910392	0.152233831	519
5576	5536	0.007173601	0.151954869	520
5572	5572	0	0.151663209	521
5563	5563	0	0.151372666	522
5558	5558	0	0.151083235	523
5554	5538	0.002880807	0.150800406	524
5548	5544	0.000720981	0.15051454	525
5546	0	1	0.152129531	526
5546	5542	0.000721241	0.151842229	527
5542	5541	0.00018044	0.151554991	528
5534	5414	0.021684134	0.151309488	529
5534	5519	0.002710517	0.151029113	530
5525	0	1	0.152627928	531
5509	5506	0.000544563	0.152342057	532
5491	5491	0	0.152056237	533
5487	5474	0.002369236	0.151775924	534
5483	5483	0	0.151492231	535
5478	5269	0.03815261	0.151280777	536
5477	0	1	0.152861259	537
5468	5468	0	0.152577131	538
5468	0	1	0.154149344	539
5463	5463	0	0.153863882	540
5462	5462	0	0.153579475	541
5461	0	1	0.155141137	542
5456	5393	0.011546921	0.154876691	543
5452	0	1	0.156430226	544
5442	4216	0.225284822	0.156556565	545
5439	0	1	0.158101333	546
5426	5426	0	0.1578123	547
5423	5423	0	0.157524321	548
5414	5394	0.003694126	0.15724412	549
5414	5402	0.002216476	0.156962252	550
5413	5413	0	0.156677384	551
5406	5355	0.009433962	0.156410639	552
5396	0	1	0.157936117	553
5385	4560	0.153203343	0.157927574	554
5379	5372	0.001301357	0.157645364	555
5375	0	1	0.159160391	556
5368	5368	0	0.158874645	557
5366	4998	0.068579948	0.158712827	558
5363	0	1	0.160217813	559
5359	5359	0	0.159931709	560
5357	5324	0.006160164	0.159657607	561
5350	5307	0.008037383	0.15938782	562
5347	5347	0	0.159104715	563
5345	5345	0	0.158822615	564
5326	5322	0.000751033	0.158542842	565
5326	5326	0	0.158262731	566
5317	5317	0	0.157983608	567
5314	0	1	0.159466031	568
5305	0	1	0.160943244	569
5289	5289	0	0.160660887	570
5285	0	1	0.162130833	571
5283	5262	0.003975014	0.161854337	572
5283	5246	0.007003596	0.161584091	573
5282	5171	0.021014767	0.161339197	574
5269	5269	0	0.161058607	575
5265	0	1	0.162515103	576
5265	5265	0	0.162233447	577
5263	5258	0.000950029	0.16195441	578
5244	0	1	0.163401812	579
5244	0	1	0.164844223	580
5243	5242	0.00019073	0.164560826	581
5242	0	1	0.165996289	582
5237	5237	0	0.165711561	583
5236	0	1	0.167140137	584
5231	0	1	0.168563829	585
5227	5227	0	0.168276177	586
5224	5135	0.017036753	0.168018529	587
5218	5216	0.000383289	0.167733435	588
5216	5211	0.000958589	0.167450286	589
5215	5116	0.018983701	0.167198648	590
5214	5214	0	0.16691574	591
5211	4963	0.047591633	0.166714179	592
5210	0	1	0.168119383	593
5209	5205	0.000767902	0.167837646	594
5206	0	1	0.169236238	595
5203	4889	0.060349798	0.169053543	596
5202	5073	0.024798155	0.168811909	597
5198	5198	0	0.168529615	598
5195	5195	0	0.168248263	599
5194	5189	0.000962649	0.167969454	600
5193	0	1	0.169353864	601
5193	0	1	0.170733675	602
5184	5181	0.000578704	0.170451494	603
5176	3775	0.270672334	0.170617423	604
5168	5168	0	0.170335411	605
5159	5075	0.016282225	0.170081197	606
5158	0	1	0.171448444	607
5158	0	1	0.172811193	608
5153	0	1	0.174169467	609
5148	5148	0	0.173883944	610
5147	0	1	0.175236016	611
5143	5141	0.000388878	0.174950318	612
5142	5122	0.003889537	0.174671263	613
5139	5128	0.002140494	0.174390268	614
5132	0	1	0.175732723	615
5132	0	1	0.177070819	616
5130	0	1	0.178404578	617
5130	5103	0.005263158	0.178124414	618
5122	5111	0.002147599	0.177840122	619
5115	0	1	0.179166186	620
5111	5111	0	0.178877674	621
5103	5089	0.002743484	0.1785945	622
5100	5096	0.000784314	0.17830909	623
5098	5098	0	0.178023338	624
5096	5079	0.00333595	0.177743838	625
5078	5077	0.000196928	0.177460217	626
5077	0	1	0.178772083	627
5074	4685	0.076665353	0.178609493	628
5070	0	1	0.17991536	629
5067	5061	0.001184133	0.179631659	630
5067	5063	0.000789422	0.179348233	631
5059	4220	0.165843052	0.179326864	632
5056	5056	0	0.179043567	633
5056	4817	0.04727057	0.178835723	634
5045	5041	0.000792864	0.178555341	635
5035	4870	0.032770606	0.178326119	636
5034	5032	0.000397298	0.178046796	637
5027	4028	0.198726875	0.17807921	638
5023	5023	0	0.177800526	639
5017	5017	0	0.177522713	640
5016	0	1	0.178805829	641
5011	5005	0.001197366	0.17852918	642
5002	4977	0.004998001	0.178259303	643
4992	0	1	0.179535297	644
4983	0	1	0.180807336	645
4974	4972	0.000402091	0.180528071	646
4974	4933	0.008242863	0.180261787	647
4968	4953	0.003019324	0.179988265	648
4955	4955	0	0.179710933	649
4946	4702	0.049332794	0.179510352	650
4946	4946	0	0.179234606	651
4944	0	1	0.180493449	652
4944	4911	0.006674757	0.180227264	653
4939	4939	0	0.179951687	654
4933	0	1	0.181203669	655
4928	4928	0	0.180927444	656
4926	4804	0.024766545	0.180689756	657
4922	4872	0.010158472	0.18043059	658
4916	4835	0.01647681	0.180181798	659
4914	4564	0.071225071	0.180016713	660
4913	4890	0.004681457	0.179751455	661
4912	4842	0.014250814	0.179501454	662
4898	0	1	0.180739008	663
4898	4853	0.009187423	0.180480648	664
4898	4864	0.006941609	0.180219687	665
4873	4863	0.002052124	0.179952168	666
4870	4870	0	0.179682374	667
4869	0	1	0.180910395	668
4866	4848	0.003699137	0.180645505	669
4865	4865	0	0.180375885	670
4863	4863	0	0.180107068	671
4861	0	1	0.181327147	672
4860	4860	0	0.181057716	673
4852	0	1	0.182272764	674
4850	4776	0.015257732	0.182025334	675
4848	4843	0.001031353	0.181757592	676
4841	4841	0	0.181489117	677
4839	4837	0.000413309	0.181222043	678
4837	4834	0.000620219	0.180956061	679
4836	4764	0.014888337	0.180711844	680
4836	4836	0	0.180446481	681
4833	4825	0.001655287	0.180184324	682
4828	3822	0.208367854	0.180225588	683
4820	0	1	0.181424089	684
4820	0	1	0.18261909	685
4812	4807	0.001039069	0.182354396	686
4801	4797	0.00083316	0.182090173	687
4796	4786	0.002085071	0.181828538	688
4790	0	1	0.183016015	689
4786	4786	0	0.182750774	690
4783	4751	0.006690362	0.182495983	691
4774	0	1	0.183677348	692
4773	0	1	0.184855302	693
4768	0	1	0.186029862	694
4767	0	1	0.187201043	695
4767	0	1	0.188368857	696
4757	4757	0	0.188098601	697
4753	4753	0	0.187829118	698
4752	0	1	0.188991022	699
4751	0	1	0.190149607	700
4748	4746	0.00042123	0.189878953	701
4745	0	1	0.191032971	702
4744	4579	0.034780776	0.190810706	703
4738	0	1	0.191960123	704
4737	4737	0	0.191687839	705
4736	0	1	0.192832757	706
4735	4671	0.013516367	0.192579127	707
4732	0	1	0.193719552	708
4729	0	1	0.19485676	709
4728	0	1	0.195990765	710
4728	0	1	0.197121579	711
4727	4727	0	0.196844723	712
4725	4725	0	0.196568644	713
4714	0	1	0.197693898	714
4707	4671	0.007648184	0.197428099	715
4703	0	1	0.19854901	716
4694	0	1	0.199666794	717
4688	4688	0	0.199388706	718
4678	4660	0.003847798	0.199116744	719
4675	4675	0	0.198840193	720
4666	4666	0	0.198564409	721
4666	4656	0.002143163	0.198292357	722
4657	4656	0.000214731	0.198018391	723
4656	0	1	0.199126101	724
4655	4627	0.006015038	0.19885974	725
4655	4381	0.058861439	0.198666905	726
4654	4654	0	0.198393636	727
4651	4249	0.086433025	0.198239844	728
4650	0	1	0.199339652	729
4644	3869	0.166881998	0.199295189	730
4642	4634	0.001723395	0.199024913	731
4641	4641	0	0.198753021	732
4636	0	1	0.199846128	733
4629	0	1	0.200936256	734
4626	4626	0	0.200662873	735
4624	4589	0.007569204	0.200400518	736
4622	4573	0.010601471	0.200142988	737
4622	0	1	0.201226805	738
4620	0	1	0.202307689	739
4619	4619	0	0.202034301	740
4617	4611	0.001299545	0.201763403	741
4614	4614	0	0.201491485	742
4609	4604	0.001084834	0.201221759	743
4607	4602	0.001085305	0.200952758	744
4604	4571	0.00716768	0.200692644	745
4602	0	1	0.201764102	746
4601	4601	0	0.201494002	747
4600	4572	0.006086957	0.201232763	748
4587	4579	0.001744059	0.200966423	749
4586	4552	0.007413868	0.200708353	750
4573	0	1	0.201772656	751
4570	4569	0.000218818	0.201504632	752
4569	0	1	0.202565051	753
4555	4530	0.005488474	0.202303676	754
4548	0	1	0.203360228	755
4541	4532	0.001981942	0.203093854	756
4539	4539	0	0.202825567	757
4536	4536	0	0.202557987	758
4534	0	1	0.203608635	759
4528	0	1	0.204656518	760
4521	0	1	0.205701648	761
4518	4518	0	0.205431698	762
4515	3922	0.131339978	0.205334592	763
4512	0	1	0.20637473	764
4512	4512	0	0.206104959	765
4511	4509	0.000443361	0.205836472	766
4507	4467	0.008875083	0.205579677	767
4502	4490	0.002665482	0.205315466	768
4502	4500	0.000444247	0.205049053	769
4499	0	1	0.206081457	770
4497	0	1	0.207111183	771
4495	0	1	0.208138241	772
4495	4489	0.001334816	0.207870707	773
4491	0	1	0.20889413	774
4490	4490	0	0.208624589	775
4489	0	1	0.209644403	776
4484	4484	0	0.209374591	777
4471	4469	0.000447327	0.209106046	778
4470	0	1	0.210121315	779
4466	4466	0	0.209851928	780
4464	4464	0	0.209583232	781
4463	0	1	0.210593995	782
4459	4409	0.011213277	0.210339358	783
4458	0	1	0.211346578	784
4457	4457	0	0.211077347	785
4456	0	1	0.212081065	786
4455	0	1	0.213082233	787
4455	0	1	0.21408086	788
4452	4452	0	0.213809528	789
4452	0	1	0.214804706	790
4451	0	1	0.215797367	791
4450	3720	0.164044944	0.215732023	792
4449	0	1	0.216721012	793
4445	4443	0.000449944	0.21644863	794
4443	4443	0	0.216176368	795
4438	4429	0.002027941	0.215907337	796
4431	4431	0	0.215636437	797
4429	4429	0	0.215366216	798
4418	0	1	0.216348236	799
4416	0	1	0.2173278	800
4416	4416	0	0.21705648	801
4412	0	1	0.218032719	802
4410	0	1	0.219006526	803
4410	4378	0.007256236	0.218743155	804
4410	3988	0.09569161	0.218590296	805
4385	4365	0.004561003	0.218324751	806
4379	0	1	0.219293369	807
4379	3689	0.157570222	0.219216979	808
4378	3829	0.125399726	0.219101012	809
4378	4123	0.058245774	0.218902426	810
4377	0	1	0.219865555	811
4375	0	1	0.220826311	812
4373	0	1	0.221784705	813
4364	4357	0.001604033	0.221514212	814
4360	4359	0.000229358	0.221242697	815
4358	4348	0.002294631	0.220974379	816
4343	0	1	0.221927898	817
4342	0	1	0.222879087	818
4340	4323	0.003917051	0.222611734	819
4339	4339	0	0.222340256	820
4336	0	1	0.223287466	821
4334	4334	0	0.223015827	822
4334	4284	0.011536687	0.222758866	823
4333	0	1	0.22370212	824
4333	3703	0.1453958	0.223607203	825
4332	4128	0.047091413	0.223393503	826
4330	0	1	0.224332568	827
4330	0	1	0.225269365	828
4330	0	1	0.226203901	829
4330	3757	0.132332564	0.226090803	830
4328	0	1	0.227022102	831
4322	4321	0.000231374	0.226749517	832
4317	4311	0.001389854	0.226478977	833
4314	4310	0.000927214	0.226208531	834
4313	4313	0	0.225937623	835
4313	4312	0.000231857	0.22566764	836
4312	0	1	0.226592768	837
4311	0	1	0.227515688	838
4309	0	1	0.228436408	839
4305	4297	0.001858304	0.228166673	840
4303	4091	0.049267953	0.227953951	841
4297	0	1	0.22887087	842
4294	4294	0	0.228599375	843
4292	4288	0.000931966	0.228329627	844
4291	4272	0.004427872	0.228064654	845
4291	4286	0.00116523	0.227796452	846
4288	4288	0	0.227527506	847
4286	4286	0	0.227259196	848
4283	4283	0	0.226991517	849
4282	0	1	0.227900939	850
4269	0	1	0.228808223	851
4264	4264	0	0.228539669	852
4262	4189	0.017128109	0.228291824	853
4258	4258	0	0.228024504	854
4257	4241	0.003758515	0.227762204	855
4249	4248	0.000235349	0.227496402	856
4246	4245	0.000235516	0.22723122	857
4242	4219	0.005421971	0.226972701	858
4242	4216	0.006129184	0.226715607	859
4240	4235	0.001179245	0.226453356	860
4240	4235	0.001179245	0.226191713	861
4239	4127	0.026421326	0.225959961	862
4237	4237	0	0.22569813	863
4236	3911	0.076723324	0.225525706	864
4234	0	1	0.226421052	865
4232	4187	0.01063327	0.226171874	866
4229	4229	0	0.225911007	867
4229	0	1	0.226802815	868
4220	0	1	0.22769257	869
4218	4218	0	0.227430854	870
4210	4210	0	0.227169739	871
4210	4210	0	0.226909224	872
4204	4202	0.000475737	0.22664985	873
4202	4200	0.000475964	0.22639107	874
4200	0	1	0.227275194	875
4199	0	1	0.2281573	876
4194	4188	0.001430615	0.227898775	877
4183	0	1	0.228778161	878
4181	4177	0.000956709	0.228518978	879
4180	0	1	0.229395661	880
4175	4087	0.021077844	0.229159205	881
4172	4170	0.000479386	0.228899931	882
4171	4171	0	0.228640701	883
4168	0	1	0.22951328	884
4166	0	1	0.230383886	885
4166	4155	0.002640422	0.230126839	886
4161	0	1	0.230994791	887
4155	0	1	0.231860788	888
4148	4148	0	0.231599977	889
4148	4148	0	0.231339753	890
4145	0	1	0.232202446	891
4145	0	1	0.233063206	892
4143	0	1	0.233922038	893
4143	4143	0	0.23366038	894
4142	4142	0	0.233399307	895
4139	4136	0.000724813	0.233139626	896
4138	4138	0	0.232879715	897
4132	0	1	0.233733969	898
4130	0	1	0.234586323	899
4128	4091	0.008963178	0.234335631	900
4128	0	1	0.235185425	901
4128	0	1	0.236033335	902
4127	4127	0	0.235771947	903
4127	4127	0	0.235511137	904
4125	4115	0.002424242	0.235253582	905
4124	4042	0.019883608	0.235015867	906
4121	4112	0.002183936	0.234759162	907
4120	0	1	0.235601938	908
4118	4080	0.00922778	0.235352901	909
4118	0	1	0.236193173	910
4118	0	1	0.2370316	911
4111	4097	0.003405497	0.236775431	912
4100	4100	0	0.236516093	913
4096	4096	0	0.236257323	914
4095	0	1	0.237092014	915
4092	0	1	0.237924883	916
4077	4063	0.003433897	0.237669168	917
4076	4076	0	0.237410269	918
4076	4076	0	0.237151933	919
4071	0	1	0.237981116	920
4066	4065	0.000245942	0.237722989	921
4066	4058	0.001967536	0.237467289	922
4061	4002	0.014528441	0.237225751	923
4060	4051	0.002216749	0.236971413	924
4055	4054	0.000246609	0.236715494	925
4054	4048	0.00148002	0.23646146	926
4049	4049	0	0.236206378	927
4041	4040	0.000247463	0.235952111	928
4025	4024	0.000248447	0.235698394	929
4016	0	1	0.236520224	930
4012	4012	0	0.236266174	931
4006	4006	0	0.236012669	932
4005	4005	0	0.235759708	933
3985	0	1	0.236577953	934
3979	3979	0	0.236324928	935
3967	3967	0	0.236072444	936
3965	3965	0	0.235820499	937
3964	3957	0.001765893	0.235570974	938
3956	3956	0	0.2353201	939
3948	0	1	0.236133589	940
3943	3941	0.000507228	0.235883189	941
3935	3617	0.080813215	0.235718571	942
3935	3935	0	0.235468605	943
3904	0	1	0.23627849	944
3882	3881	0.000257599	0.236028732	945
3881	3881	0	0.23577923	946
3872	3872	0	0.235530255	947
3869	3598	0.070043939	0.235355692	948
3867	0	1	0.236161429	949
3850	0	1	0.236965469	950
3847	0	1	0.237767819	951
3834	3816	0.004694836	0.237522994	952
3828	0	1	0.238323075	953
3791	3791	0	0.238073261	954
3784	3764	0.005285412	0.237829504	955
3777	3775	0.000529521	0.237581282	956
3767	0	1	0.238377958	957
3765	3493	0.072244356	0.238204541	958
3733	0	1	0.238998905	959
3720	0	1	0.239791614	960
