115226	115226	0	0	1
114770	114744	0.00022654	0.00011327	2
109265	109265	0	7.55133E-05	3
106042	106042	0	5.6635E-05	4
102430	102430	0	4.5308E-05	5
56824	56820	7.03928E-05	4.94888E-05	6
52285	52152	0.002543751	0.000405812	7
47773	47740	0.000690767	0.000441431	8
37286	37283	8.04592E-05	0.000401323	9
34380	34367	0.000378127	0.000399004	10
32434	32434	0	0.000362731	11
31942	31942	0	0.000332503	12
31935	31935	0	0.000306926	13
30749	16327	0.469023383	0.033786673	14
30409	30409	0	0.031534228	15
30368	30368	0	0.029563339	16
28346	27630	0.025259296	0.02931016	17
27461	27456	0.000182076	0.027691933	18
27440	27440	0	0.026234463	19
27343	27343	0	0.02492274	20
27227	27227	0	0.023735942	21
27201	27201	0	0.022657036	22
27023	27022	3.70055E-05	0.021673556	23
26690	26690	0	0.020770492	24
26679	26679	0	0.019939672	25
26604	26601	0.000112765	0.019177099	26
26595	26595	0	0.018466836	27
26591	26591	0	0.017807306	28
26444	26444	0	0.017193261	29
26444	26444	0	0.016620152	30
26442	26442	0	0.016084018	31
26431	26431	0	0.015581393	32
26284	26284	0	0.015109229	33
26238	26226	0.000457352	0.014678292	34
26233	26233	0	0.014258912	35
26204	26204	0	0.013862831	36
26058	26058	0	0.01348816	37
26054	26054	0	0.013133208	38
25816	25815	3.87357E-05	0.012797453	39
25767	25767	0	0.012477516	40
25557	25557	0	0.012173187	41
24609	24414	0.00792393	0.012072014	42
24298	24298	0	0.011791269	43
22624	22624	0	0.011523286	44
21947	21947	0	0.011267213	45
21286	0	1	0.032761404	46
21277	20984	0.013770738	0.032357347	47
20054	17999	0.102473322	0.033818097	48
19524	19524	0	0.033127931	49
19157	19157	0	0.032465373	50
19133	19133	0	0.031828797	51
18961	18961	0	0.031216705	52
18859	18853	0.00031815	0.030633713	53
18708	18708	0	0.030066422	54
18243	18227	0.000877049	0.029535706	55
18053	0	1	0.046865426	56
17570	17558	0.000682982	0.046055207	57
17430	17377	0.003040734	0.045313579	58
17417	14498	0.167594879	0.047386143	59
17198	17198	0	0.046596374	60
17012	17009	0.000176346	0.04583539	61
16741	15735	0.06009199	0.046065335	62
16698	16698	0	0.045334139	63
16487	16487	0	0.044625793	64
16301	0	1	0.059323858	65
16193	16193	0	0.058425012	66
16080	15858	0.01380597	0.057759056	67
15869	15869	0	0.056909658	68
15595	15591	0.000256492	0.056088598	69
15535	15424	0.007145156	0.055389406	70
15507	15191	0.020377894	0.054896286	71
15399	15323	0.004935385	0.054202384	72
15374	15373	6.50449E-05	0.053460777	73
15191	14933	0.01698374	0.052967844	74
14834	14714	0.008089524	0.052369466	75
14796	14796	0	0.051680394	76
14618	14618	0	0.05100922	77
14324	14324	0	0.050355256	78
14182	14181	7.05119E-05	0.04971874	79
13929	0	1	0.061597256	80
13854	13813	0.002959434	0.060873332	81
13482	9483	0.296617713	0.063748264	82
13398	13397	7.4638E-05	0.062981112	83
13344	13275	0.005170863	0.062292894	84
13226	13174	0.00393165	0.061606292	85
13172	13172	0	0.060889939	86
13109	13106	0.00022885	0.060192685	87
13056	13056	0	0.059508678	88
13052	13015	0.002834815	0.058871893	89
13034	11998	0.079484425	0.059100921	90
12927	12925	0.000154715	0.05845316	91
12919	11341	0.122145677	0.05914547	92
12902	0	1	0.069262186	93
12763	0	1	0.079163652	94
12734	12709	0.001963248	0.078351016	95
12646	12646	0	0.07753486	96
12630	12629	7.91766E-05	0.076736347	97
12550	0	1	0.086157405	98
12404	12404	0	0.085287128	99
12344	12343	8.1011E-05	0.084435067	100
12045	11924	0.010045662	0.083698538	101
12034	11987	0.003905601	0.082916255	102
12002	11998	0.000333278	0.082114478	103
11912	11912	0	0.081324916	104
11867	11866	8.42673E-05	0.080551195	105
11830	11734	0.008114962	0.079867835	106
11762	11762	0	0.079121406	107
11730	0	1	0.08764806	108
11716	11716	0	0.086843949	109
11665	0	1	0.095145368	110
11621	10665	0.082264865	0.095029327	111
11619	11619	0	0.094180851	112
11553	11544	0.000779018	0.093354286	113
11552	11486	0.005713296	0.092585506	114
11547	11426	0.010478912	0.091871535	115
11499	0	1	0.099700229	116
11432	10471	0.084062281	0.099566571	117
11303	0	1	0.107197363	118
11287	0	1	0.114699906	119
11256	0	1	0.122077407	120
11232	11212	0.001780627	0.121083219	121
11228	11220	0.000712504	0.120096574	122
11220	11217	0.00026738	0.119122353	123
11107	11105	0.000180067	0.118163141	124
11100	11074	0.002342342	0.117236574	125
11060	11059	9.04159E-05	0.116306843	126
11040	11005	0.00317029	0.115416004	127
11030	11024	0.000543971	0.114518566	128
11028	10951	0.006982227	0.113684951	129
10982	10982	0	0.112810451	130
10832	0	1	0.119582891	131
10791	0	1	0.126252717	132
10785	0	1	0.132822246	133
10720	10698	0.002052239	0.13184635	134
10710	10371	0.031652661	0.131104175	135
10638	10458	0.016920474	0.130264589	136
10628	10615	0.001223184	0.129322681	137
10586	10586	0	0.12838556	138
10534	10499	0.003322575	0.127485826	139
10491	10473	0.001715756	0.126587468	140
10438	0	1	0.132781883	141
10438	0	1	0.138889053	142
10437	9372	0.102040816	0.138631373	143
10367	10367	0	0.137668655	144
10322	10322	0	0.136719216	145
10297	0	1	0.142632098	146
10275	10275	0	0.141661812	147
10267	10267	0	0.140704638	148
10223	9259	0.094297173	0.140393178	149
10130	10130	0	0.139457224	150
10112	10112	0	0.138533666	151
10064	10060	0.000397456	0.137624875	152
10041	0	1	0.143261314	153
10031	10031	0	0.142331045	154
10012	10012	0	0.141412781	155
9961	9889	0.00722819	0.140552623	156
9936	8795	0.114834944	0.140388816	157
9911	9872	0.003935022	0.139525185	158
9876	9849	0.0027339	0.138664862	159
9859	9848	0.001115732	0.13780518	160
9857	9857	0	0.136949247	161
9824	9824	0	0.136103881	162
9771	9771	0	0.135268888	163
9760	9760	0	0.134444078	164
9750	9743	0.000717949	0.133633617	165
9748	9748	0	0.132828595	166
9736	9723	0.001335251	0.13204121	167
9729	9729	0	0.13125525	168
9720	9709	0.001131687	0.130485288	169
9700	8375	0.136597938	0.130521245	170
9680	9424	0.026446281	0.129912619	171
9668	9668	0	0.129157313	172
9620	9381	0.024844075	0.128554347	173
9614	0	1	0.133562655	174
9586	9586	0	0.13279944	175
9579	8169	0.147196993	0.132881244	176
9577	9569	0.000835335	0.132135222	177
9567	9557	0.00104526	0.131398762	178
9435	9317	0.012506624	0.13073456	179
9430	9430	0	0.130008257	180
9426	0	1	0.134814841	181
9417	9417	0	0.1340741	182
9384	0	1	0.138805935	183
9382	9382	0	0.138051555	184
9374	9373	0.000106678	0.137305907	185
9369	9369	0	0.136567704	186
9368	9368	0	0.135837395	187
9349	9325	0.002567119	0.135128511	188
9333	0	1	0.13970455	189
9329	9329	0	0.138969263	190
9313	9312	0.000107377	0.138242237	191
9300	9300	0	0.137522226	192
9247	9244	0.00032443	0.136811356	193
9246	0	1	0.141260782	194
9190	8788	0.043743199	0.140760692	195
9170	9159	0.001199564	0.140048646	196
9131	0	1	0.144413881	197
9072	9072	0	0.143684518	198
9039	9038	0.000110632	0.142963041	199
9006	8926	0.008882967	0.142292641	200
9002	8992	0.001110864	0.141590244	201
8980	8980	0	0.140889302	202
8963	0	1	0.145121374	203
8963	8743	0.024545353	0.144530316	204
8943	8937	0.000670916	0.143828562	205
8939	0	1	0.147984734	206
8936	0	1	0.15210075	207
8897	8063	0.093739463	0.151820167	208
8849	0	1	0.155878444	209
8805	8805	0	0.155136165	210
8798	8790	0.000909298	0.154405232	211
8793	8793	0	0.153676906	212
8781	8781	0	0.152955418	213
8768	8768	0	0.152240673	214
8749	8735	0.001600183	0.15154002	215
8711	4730	0.45700838	0.152954225	216
8710	3587	0.588174512	0.154959848	217
8702	0	1	0.158836179	218
8700	8643	0.006551724	0.158140817	219
8682	8681	0.000115181	0.157422518	220
8665	8308	0.041200231	0.156896626	221
8631	8630	0.000115861	0.156190406	222
8625	0	1	0.159974305	223
8617	0	1	0.16372442	224
8592	8592	0	0.162996756	225
8575	8088	0.056793003	0.162526828	226
8551	8550	0.000116945	0.161811366	227
8544	8544	0	0.161101667	228
8506	8505	0.000117564	0.16039868	229
8503	8503	0	0.159701294	230
8494	8494	0	0.159009946	231
8488	8320	0.019792648	0.158409872	232
8483	8405	0.00919486	0.157769464	233
8468	0	1	0.16136874	234
8454	0	1	0.164937384	235
8439	8437	0.000236995	0.164239501	236
8298	0	1	0.167765916	237
8276	8276	0	0.167061017	238
8228	0	1	0.170546118	239
8219	7814	0.049276068	0.170040826	240
8203	8192	0.001340973	0.169340826	241
8202	8200	0.000243843	0.168642079	242
8111	8111	0	0.167948078	243
8063	4975	0.382984001	0.168829373	244
8061	8061	0	0.168140274	245
8054	0	1	0.171521817	246
8049	0	1	0.17487598	247
8028	8019	0.001121076	0.174175355	248
7984	7980	0.000501002	0.173477868	249
7978	7961	0.00213086	0.17279248	250
7971	7971	0	0.172104064	251
7960	0	1	0.175389365	252
7957	7852	0.013195928	0.174748284	253
7944	7944	0	0.174060299	254
7942	7917	0.003147822	0.173390054	255
7942	7940	0.000251826	0.172713733	256
7932	7710	0.027987897	0.172150597	257
7922	7922	0	0.171483347	258
7914	0	1	0.174682253	259
7906	7906	0	0.174010398	260
7884	0	1	0.177175109	261
7837	0	1	0.180315662	262
7806	7733	0.009351781	0.179665609	263
7798	7798	0	0.178985058	264
7730	3664	0.526002587	0.180294558	265
7730	7730	0	0.179616759	266
7716	7680	0.00466563	0.178961511	267
7692	0	1	0.182025087	268
7688	7688	0	0.181348414	269
7687	7687	0	0.180676753	270
7682	7682	0	0.18001005	271
7672	0	1	0.183024718	272
7661	7661	0	0.182354298	273
7639	0	1	0.185338407	274
7638	7638	0	0.184664449	275
7637	4943	0.352756318	0.185273477	276
7635	7635	0	0.18460462	277
7630	7593	0.004849279	0.183958018	278
7605	7605	0	0.18329867	279
7603	0	1	0.186215461	280
7600	7600	0	0.185552772	281
7589	0	1	0.188440883	282
7584	7172	0.054324895	0.187966975	283
7574	7562	0.001584368	0.187310698	284
7540	7539	0.000132626	0.186653933	285
7529	7529	0	0.186001297	286
7524	7522	0.000265816	0.185354135	287
7505	7505	0	0.184710544	288
7489	7489	0	0.184071407	289
7484	7269	0.028727953	0.18353574	290
7479	7439	0.005348309	0.182923412	291
7456	5938	0.203594421	0.182994203	292
7435	0	1	0.185782619	293
7435	0	1	0.188552066	294
7424	0	1	0.191302737	295
7422	7411	0.00148208	0.190661451	296
7402	7372	0.004052959	0.19003314	297
7388	0	1	0.192751149	298
7379	7379	0	0.192106496	299
7366	0	1	0.194799475	300
7357	7355	0.00027185	0.194153204	301
7344	7283	0.0083061	0.193537816	302
7323	6894	0.058582548	0.193092419	303
7321	7320	0.000136593	0.192457696	304
7319	7307	0.001639568	0.191832063	305
7319	7319	0	0.19120516	306
7317	7317	0	0.190582342	307
7309	7305	0.00054727	0.189965345	308
7285	7277	0.001098147	0.189354125	309
7282	7281	0.000137325	0.188743748	310
7272	7272	0	0.188136855	311
7242	7236	0.0008285	0.187536508	312
7236	7227	0.001243781	0.186941323	313
7233	7190	0.005944974	0.186364902	314
7222	7199	0.003184713	0.185783377	315
7216	0	1	0.188360012	316
7214	7189	0.003465484	0.187776749	317
7198	6841	0.04959711	0.187342221	318
7195	7192	0.000416956	0.186756249	319
7194	7193	0.000139005	0.18617307	320
7194	7194	0	0.185593092	321
7160	7158	0.00027933	0.185017583	322
7157	7124	0.00461087	0.184459048	323
7144	7144	0	0.18388973	324
7110	6933	0.024894515	0.183400514	325
7101	7077	0.003379806	0.182848303	326
7082	7081	0.000141203	0.182289566	327
7074	0	1	0.184782586	328
7069	7068	0.000141463	0.184221366	329
7067	6923	0.020376397	0.183724867	330
7054	6356	0.09895095	0.183468752	331
7033	7031	0.000284374	0.182916992	332
7032	7015	0.00241752	0.182374951	333
7031	7024	0.000995591	0.181831899	334
7018	7015	0.000427472	0.181290394	335
7017	7015	0.000285022	0.180751687	336
6975	6975	0	0.180215332	337
6972	0	1	0.18264073	338
6967	6967	0	0.182101967	339
6960	6958	0.000287356	0.181567218	340
6942	6942	0	0.181034763	341
6931	6851	0.011542346	0.180539171	342
6925	6908	0.002454874	0.180019975	343
6914	6914	0	0.179496661	344
6895	6889	0.000870196	0.178978903	345
6877	6877	0	0.178461623	346
6877	5914	0.140031991	0.178350875	347
6858	6847	0.001603966	0.177842982	348
6854	6817	0.005398308	0.177348871	349
6846	0	1	0.179699303	350
6803	6796	0.001028958	0.17919027	351
6763	0	1	0.181522116	352
6763	6763	0	0.181007889	353
6754	6754	0	0.180496567	354
6742	6742	0	0.179988126	355
6723	6723	0	0.179482542	356
6723	6652	0.010560762	0.179009372	357
6715	0	1	0.181302641	358
6707	6651	0.008349486	0.180820878	359
6703	0	1	0.183096375	360
6694	6692	0.000298775	0.182590011	361
6680	0	1	0.184848049	362
6668	6667	0.00014997	0.184339239	363
6666	6644	0.00330033	0.18384188	364
6661	0	1	0.186077929	365
6625	6478	0.022188679	0.185630144	366
6620	0	1	0.187849136	367
6613	6605	0.001209738	0.187341964	368
6603	6510	0.014084507	0.186872431	369
6597	6593	0.000606336	0.186369009	370
6580	0	1	0.188562085	371
6578	6543	0.005320766	0.188069501	372
6563	0	1	0.190246258	373
6559	5785	0.118005794	0.190053102	374
6536	6536	0	0.189546293	375
6522	6522	0	0.189042181	376
6516	5980	0.082259055	0.188758937	377
6508	6422	0.013214505	0.188294533	378
6501	6501	0	0.187797714	379
6489	6489	0	0.187303509	380
6458	6456	0.000309693	0.186812712	381
6453	6452	0.000154967	0.186324079	382
6447	6446	0.000155111	0.185837998	383
6437	6417	0.003107037	0.185362136	384
6428	0	1	0.187478079	385
6410	6289	0.018876755	0.187041288	386
6410	6409	0.000156006	0.18655838	387
6401	6400	0.000156226	0.186077962	388
6384	6383	0.000156642	0.185600015	389
6368	6367	0.000157035	0.185124521	390
6366	6365	0.000157085	0.184651458	391
6362	6362	0	0.184180409	392
6356	5842	0.080868471	0.183917528	393
6348	6347	0.00015753	0.183451132	394
6326	6326	0	0.182986699	395
6308	0	1	0.185049864	396
6277	6276	0.000159312	0.184584145	397
6253	6249	0.000639693	0.184121973	398
6248	6248	0	0.183660514	399
6240	6187	0.00849359	0.183222597	400
6235	6198	0.005934242	0.182780481	401
6232	0	1	0.184813366	402
6230	6185	0.007223114	0.184372695	403
6225	6225	0	0.183916327	404
6215	6215	0	0.183462213	405
6213	6083	0.020923869	0.183061872	406
6210	6210	0	0.182612088	407
6194	6193	0.000161447	0.182164905	408
6191	6144	0.007591665	0.181738076	409
6191	6181	0.001615248	0.181298752	410
6174	6174	0	0.180857636	411
6149	6149	0	0.180418661	412
6142	6142	0	0.179981812	413
6126	6126	0	0.179547073	414
6123	0	1	0.181524068	415
6116	0	1	0.183491558	416
6116	6097	0.003106606	0.183058981	417
6101	6030	0.011637436	0.182648881	418
6096	6096	0	0.182212965	419
6081	5830	0.041276106	0.181877401	420
6080	6080	0	0.181445388	421
6068	6068	0	0.181015423	422
6064	6064	0	0.18058749	423
6063	6061	0.00032987	0.180162355	424
6051	5441	0.100809784	0.179975643	425
6045	0	1	0.181900582	426
6043	6043	0	0.181474586	427
6042	6007	0.005792784	0.181064114	428
6041	5951	0.014898196	0.180676781	429
6040	6013	0.004470199	0.180266998	430
6033	6032	0.000165755	0.17984913	431
6030	6022	0.0013267	0.179435884	432
6025	6001	0.003983402	0.179030682	433
6015	6013	0.000332502	0.178618935	434
6010	5983	0.004492512	0.178218644	435
5997	5997	0	0.177809886	436
5995	5275	0.120100083	0.177677827	437
5992	5982	0.001668892	0.17727598	438
5991	5278	0.119011851	0.17714326	439
5982	5912	0.011701772	0.176767256	440
5982	5981	0.000167168	0.176366803	441
5978	5975	0.00050184	0.175968918	442
5978	5978	0	0.175571697	443
5978	5978	0	0.175176265	444
5978	5978	0	0.174782611	445
5975	0	1	0.176632874	446
5968	5935	0.005529491	0.176250092	447
5967	5967	0	0.175856677	448
5955	4323	0.274055416	0.176075382	449
5948	5942	0.001008742	0.175686345	450
5943	5937	0.001009591	0.175299036	451
5943	5943	0	0.174911206	452
5936	5800	0.022911051	0.174575665	453
5935	5935	0	0.174191137	454
5921	5921	0	0.173808299	455
5920	5920	0	0.173427141	456
5919	5918	0.000168947	0.17304802	457
5907	5689	0.036905367	0.172750765	458
5878	5877	0.000170126	0.172374772	459
5874	5873	0.000170242	0.172000415	460
5864	5853	0.001875853	0.171631381	461
5862	5862	0	0.171259884	462
5858	5303	0.094742233	0.17109462	463
5851	5851	0	0.170725881	464
5850	5850	0	0.170358729	465
5850	5850	0	0.169993152	466
5833	5833	0	0.169629141	467
5832	5832	0	0.169266686	468
5830	5823	0.001200686	0.168908336	469
5825	5825	0	0.168548956	470
5821	5789	0.005497337	0.168202775	471
5815	5815	0	0.167846413	472
5809	0	1	0.169605723	473
5807	0	1	0.171357609	474
5805	5805	0	0.170996857	475
5804	5802	0.00034459	0.170638343	476
5803	5790	0.002240221	0.170285307	477
5803	5105	0.120282612	0.170180699	478
5800	5790	0.001724138	0.169829015	479
5799	0	1	0.171558538	480
5798	0	1	0.17328087	481
5798	5798	0	0.172921366	482
5791	5775	0.002762908	0.172569071	483
5789	5758	0.005354984	0.172223587	484
5786	0	1	0.173930343	485
5780	4287	0.258304498	0.174103952	486
5777	5774	0.000519301	0.173747516	487
5777	5776	0.0001731	0.17339183	488
5762	5761	0.000173551	0.173037601	489
5760	5759	0.000173611	0.172684817	490
5736	5734	0.000348675	0.172333827	491
5729	5729	0	0.171983555	492
5725	5716	0.001572052	0.171637893	493
5724	5724	0	0.171290448	494
5721	5721	0	0.170944406	495
5715	5715	0	0.17059976	496
5712	5712	0	0.170256501	497
5709	5709	0	0.169914621	498
5708	5482	0.039593553	0.169653456	499
5704	5683	0.003681627	0.169321513	500
5700	5700	0	0.168983545	501
5699	5698	0.000175469	0.168647274	502
5699	5698	0.000175469	0.16831234	503
5676	5676	0	0.167978387	504
5672	5563	0.019217207	0.167683811	505
5659	0	1	0.169328704	506
5655	0	1	0.170967109	507
5652	0	1	0.172599064	508
5648	5648	0	0.172259969	509
5636	5636	0	0.171922205	510
5633	0	1	0.173542709	511
5632	4676	0.169744318	0.173535291	512
5632	5623	0.001598011	0.17320013	513
5621	5621	0	0.172863165	514
5619	5618	0.000177968	0.172527854	515
5618	5618	0	0.172193498	516
5607	0	1	0.173794671	517
5594	5593	0.000178763	0.173459505	518
5591	5585	0.001073153	0.173127354	519
5576	5506	0.012553802	0.172818559	520
5572	5572	0	0.172486853	521
5563	5563	0	0.172156418	522
5558	5558	0	0.171827248	523
5554	5552	0.000360101	0.17150002	524
5548	5515	0.005948089	0.171184683	525
5546	5465	0.014605121	0.170887003	526
5546	0	1	0.172460273	527
5542	5542	0	0.172133643	528
5534	5512	0.003975425	0.171815764	529
5534	5521	0.002349115	0.171496016	530
5525	5525	0	0.171173048	531
5509	0	1	0.172730993	532
5491	5491	0	0.17240692	533
5487	0	1	0.17395672	534
5483	5483	0	0.173631567	535
5478	0	1	0.175173299	536
5477	0	1	0.176709289	537
5468	5468	0	0.176380833	538
5468	0	1	0.177908884	539
5463	5417	0.008420282	0.177595016	540
5462	5462	0	0.177266744	541
5461	0	1	0.178784702	542
5456	5426	0.005498534	0.178465575	543
5452	0	1	0.179975748	544
5442	0	1	0.18148038	545
5439	0	1	0.1829795	546
5426	5426	0	0.182644986	547
5423	5423	0	0.182311692	548
5414	5414	0	0.181979612	549
5414	5413	0.000184706	0.181649076	550
5413	5413	0	0.181319404	551
5406	5406	0	0.180990927	552
5396	5396	0	0.180663638	553
5385	3886	0.278365831	0.180839996	554
5379	5372	0.001301357	0.180516503	555
5375	0	1	0.181990394	556
5368	5368	0	0.181663661	557
5366	5053	0.058330227	0.181442633	558
5363	0	1	0.182906957	559
5359	5357	0.000373204	0.182581004	560
5357	5347	0.001866716	0.182258875	561
5350	5313	0.006915888	0.181946877	562
5347	5347	0	0.181623703	563
5345	5345	0	0.181301676	564
5326	5322	0.000751033	0.180982117	565
5326	5326	0	0.180662361	566
5317	5317	0	0.180343732	567
5314	0	1	0.181786789	568
5305	4964	0.064278982	0.181580273	569
5289	5289	0	0.181261711	570
5285	0	1	0.182695578	571
5283	5281	0.000378573	0.182376842	572
5283	5272	0.00208215	0.182062192	573
5282	5271	0.002082544	0.181748638	574
5269	5269	0	0.181432554	575
5265	0	1	0.182853678	576
5265	5249	0.003038936	0.18254204	577
5263	5249	0.00266008	0.182230826	578
5244	0	1	0.183643208	579
5244	0	1	0.18505072	580
5243	5237	0.001144383	0.184734185	581
5242	0	1	0.186134986	582
5237	5139	0.018713004	0.185847813	583
5236	5236	0	0.18552958	584
5231	0	1	0.186921837	585
5227	5227	0	0.186602858	586
5224	4591	0.121171516	0.186491391	587
5218	5218	0	0.186174228	588
5216	5216	0	0.185858143	589
5215	0	1	0.187238044	590
5214	5214	0	0.186921229	591
5211	0	1	0.188294673	592
5210	0	1	0.189663484	593
5209	5205	0.000767902	0.189345478	594
5206	0	1	0.190707923	595
5203	0	1	0.192065796	596
5202	0	1	0.193419119	597
5198	5198	0	0.193095676	598
5195	5195	0	0.192773312	599
5194	5189	0.000962649	0.192453628	600
5193	5150	0.008280377	0.192147183	601
5193	5106	0.016753322	0.191855831	602
5184	5184	0	0.191537663	603
5176	0	1	0.192876176	604
5168	5157	0.002128483	0.192560891	605
5159	4945	0.041480907	0.192311584	606
5158	0	1	0.193642207	607
5158	4997	0.031213649	0.193375055	608
5153	0	1	0.194699562	609
5148	5148	0	0.194380383	610
5147	0	1	0.195698909	611
5143	5143	0	0.19537914	612
5142	0	1	0.196691735	613
5139	5138	0.00019459	0.196371707	614
5132	0	1	0.19767842	615
5132	0	1	0.19898089	616
5130	5129	0.000194932	0.198658708	617
5130	5100	0.005847953	0.198346717	618
5122	5095	0.005271378	0.198034802	619
5115	0	1	0.199328294	620
5111	5107	0.000782626	0.199008575	621
5103	5042	0.011953753	0.198707844	622
5100	5091	0.001764706	0.198391723	623
5098	5098	0	0.198073788	624
5096	5071	0.004905808	0.197764719	625
5078	5077	0.000196928	0.197449115	626
5077	0	1	0.198729101	627
5074	0	1	0.20000501	628
5070	4880	0.037475345	0.199746616	629
5067	5066	0.000197355	0.199429871	630
5067	5061	0.001184133	0.199115694	631
5059	4335	0.143111287	0.19902708	632
5056	5056	0	0.198712661	633
5056	0	1	0.199976521	634
5045	5045	0	0.199661597	635
5035	0	1	0.200919991	636
5034	5032	0.000397298	0.200605199	637
5027	4786	0.047941118	0.200365913	638
5023	5019	0.000796337	0.200053598	639
5017	5009	0.001594578	0.199743506	640
5016	0	1	0.200991956	641
5011	5008	0.000598683	0.200679817	642
5002	4956	0.009196321	0.20038202	643
4992	4882	0.022035256	0.200105084	644
4983	0	1	0.201345231	645
4974	4974	0	0.201033551	646
4974	4933	0.008242863	0.200735575	647
4968	4966	0.000402576	0.200426419	648
4955	4955	0	0.200117595	649
4946	4385	0.11342499	0.199984222	650
4946	4942	0.000808734	0.199678269	651
4944	0	1	0.200905756	652
4944	4944	0	0.20059809	653
4939	4939	0	0.200291366	654
4933	0	1	0.201512295	655
4928	4928	0	0.201205111	656
4926	4804	0.024766545	0.20093656	657
4922	4805	0.023770825	0.200667311	658
4916	0	1	0.201880259	659
4914	4652	0.053317053	0.201655163	660
4913	4795	0.024017912	0.201386423	661
4912	4905	0.001425081	0.201084366	662
4898	0	1	0.202289367	663
4898	0	1	0.203490739	664
4898	4839	0.012045733	0.203202851	665
4873	0	1	0.204399244	666
4870	4869	0.000205339	0.204093106	667
4869	0	1	0.205284583	668
4866	4818	0.009864365	0.204992475	669
4865	4865	0	0.204686516	670
4863	4863	0	0.204381469	671
4861	4859	0.000411438	0.204077943	672
4860	4860	0	0.203774706	673
4852	4102	0.154575433	0.20370171	674
4850	0	1	0.204881412	675
4848	4789	0.012169967	0.204596335	676
4841	4841	0	0.204294125	677
4839	0	1	0.205467733	678
4837	0	1	0.206637883	679
4836	4836	0	0.206334004	680
4836	4836	0	0.206031017	681
4833	4833	0	0.205728919	682
4828	0	1	0.206891834	683
4820	0	1	0.208051349	684
4820	0	1	0.209207478	685
4812	4769	0.008935993	0.208915538	686
4801	4672	0.026869402	0.20865055	687
4796	4796	0	0.208347279	688
4790	0	1	0.209496267	689
4786	4786	0	0.20919265	690
4783	4743	0.008362952	0.208902013	691
4774	0	1	0.210045218	692
4773	0	1	0.211185124	693
4768	0	1	0.212321745	694
4767	4763	0.000839102	0.212017454	695
4767	0	1	0.213149612	696
4757	4757	0	0.212843802	697
4753	4753	0	0.212538869	698
4752	0	1	0.213665422	699
4751	0	1	0.214788757	700
4748	4740	0.00168492	0.214484758	701
4745	0	1	0.215603725	702
4744	4147	0.12584317	0.215476043	703
4738	0	1	0.216590424	704
4737	4737	0	0.216283203	705
4736	0	1	0.217393284	706
4735	4722	0.002745512	0.21708968	707
4732	0	1	0.218195486	708
4729	0	1	0.219298172	709
4728	0	1	0.220397752	710
4728	0	1	0.221494239	711
4727	4727	0	0.221183151	712
4725	4725	0	0.220872937	713
4714	0	1	0.221964151	714
4707	4707	0	0.221653712	715
4703	0	1	0.222740787	716
4694	0	1	0.223824831	717
4688	4688	0	0.223513097	718
4678	4635	0.009191962	0.223215015	719
4675	4675	0	0.222904994	720
4666	4655	0.00235748	0.222599103	721
4666	4664	0.000428633	0.222291388	722
4657	4656	0.000214731	0.221984228	723
4656	0	1	0.223058835	724
4655	4619	0.00773362	0.222761835	725
4655	4582	0.015682062	0.222476601	726
4654	4654	0	0.222170581	727
4651	0	1	0.223239028	728
4650	0	1	0.224304544	729
4644	4328	0.068044789	0.224090489	730
4642	4642	0	0.223783936	731
4641	4641	0	0.22347822	732
4636	0	1	0.224537595	733
4629	4629	0	0.224231685	734
4626	4626	0	0.223926608	735
4624	4605	0.004108997	0.223627943	736
4622	4514	0.023366508	0.223356218	737
4622	0	1	0.224408581	738
4620	0	1	0.225458096	739
4619	4619	0	0.225153422	740
4617	4614	0.000649773	0.224850449	741
4614	4254	0.078023407	0.224652568	742
4609	4609	0	0.22435021	743
4607	4595	0.002604732	0.224052165	744
4604	4599	0.001086012	0.223752881	745
4602	0	1	0.224793427	746
4601	4600	0.000217344	0.22449279	747
4600	0	1	0.225529564	748
4587	4580	0.001526052	0.225230494	749
4586	0	1	0.22626352	750
4573	4139	0.094904876	0.226088608	751
4570	4570	0	0.225787959	752
4569	0	1	0.226816129	753
4555	4436	0.026125137	0.22654996	754
4548	0	1	0.227574397	755
4541	4502	0.008588417	0.227284733	756
4539	4539	0	0.226984489	757
4536	0	1	0.228004299	758
4534	0	1	0.229021421	759
4528	4440	0.019434629	0.228745649	760
4521	0	1	0.229759123	761
4518	4308	0.046480744	0.229518601	762
4515	0	1	0.230528406	763
4512	0	1	0.231535568	764
4512	0	1	0.232540096	765
4511	4509	0.000443361	0.232237098	766
4507	4505	0.000443754	0.23193489	767
4502	4502	0	0.231632892	768
4502	4502	0	0.231331679	769
4499	0	1	0.232329949	770
4497	0	1	0.23332563	771
4495	0	1	0.234318732	772
4495	4489	0.001334816	0.234017329	773
4491	0	1	0.235006971	774
4490	4490	0	0.234703736	775
4489	0	1	0.235689943	776
4484	4484	0	0.23538661	777
4471	4470	0.000223664	0.235084344	778
4470	0	1	0.236066264	779
4466	4466	0	0.235763615	780
4464	4464	0	0.23546174	781
4463	0	1	0.236439411	782
4459	4347	0.025117739	0.236169524	783
4458	0	1	0.237143797	784
4457	4457	0	0.236841703	785
4456	3707	0.168087971	0.23675423	786
4455	0	1	0.237724047	787
4455	0	1	0.238691402	788
4452	4452	0	0.238388878	789
4452	4437	0.003369272	0.238091385	790
4451	0	1	0.239054607	791
4450	4437	0.002921348	0.238756459	792
4449	0	1	0.239716413	793
4445	4444	0.000224972	0.239414787	794
4443	4443	0	0.239113636	795
4438	4437	0.000225327	0.238813525	796
4431	4408	0.005190702	0.238520397	797
4429	4354	0.016933845	0.23824272	798
4418	0	1	0.239196108	799
4416	4416	0	0.238897113	800
4416	4416	0	0.238598865	801
4412	0	1	0.239548243	802
4410	4386	0.005442177	0.239256703	803
4410	4374	0.008163265	0.238969274	804
4410	4360	0.011337868	0.238686502	805
4385	3990	0.090079818	0.238502126	806
4379	0	1	0.239445742	807
4379	4071	0.070335693	0.239236447	808
4378	3944	0.099132024	0.239063265	809
4378	3984	0.089995432	0.238879231	810
4377	0	1	0.239817727	811
4375	0	1	0.240753912	812
4373	0	1	0.241687794	813
4364	4357	0.001604033	0.241392851	814
4360	4359	0.000229358	0.241096945	815
4358	4333	0.005736576	0.240808513	816
4343	0	1	0.241737756	817
4342	4342	0	0.241442233	818
4340	4340	0	0.241147432	819
4339	4339	0	0.24085335	820
4336	0	1	0.241778011	821
4334	4332	0.000461467	0.241484438	822
4334	4240	0.021688971	0.241217372	823
4333	0	1	0.242138225	824
4333	4035	0.068774521	0.241928087	825
4332	3754	0.133425669	0.241796728	826
4330	0	1	0.24271354	827
4330	0	1	0.243628137	828
4330	0	1	0.244540528	829
4330	0	1	0.24545072	830
4328	0	1	0.246358721	831
4322	4321	0.000231374	0.246062895	832
4317	4311	0.001389854	0.24576917	833
4314	4310	0.000927214	0.245475595	834
4313	4313	0	0.245181612	835
4313	4312	0.000231857	0.24488861	836
4312	0	1	0.245790774	837
4311	4309	0.000463929	0.245498021	838
4309	3502	0.187282432	0.245428634	839
4305	4305	0	0.245136457	840
4303	4226	0.017894492	0.244866253	841
4297	0	1	0.245763086	842
4294	4294	0	0.245471552	843
4292	4286	0.00139795	0.245182365	844
4291	4260	0.007224423	0.244900758	845
4291	4285	0.001398275	0.24461293	846
4288	4278	0.00233209	0.244326885	847
4286	4251	0.008166122	0.244048393	848
4283	4283	0	0.243760939	849
4282	0	1	0.244650632	850
4269	0	1	0.245538234	851
4264	4262	0.000469043	0.245250594	852
4262	0	1	0.246135412	853
4258	4258	0	0.245847197	854
4257	4251	0.001409443	0.245561305	855
4249	4249	0	0.245274434	856
4242	4242	0	0.244988233	857
4242	4228	0.00330033	0.244706546	858
4240	4231	0.002122642	0.244424143	859
4240	0	1	0.24530272	860
4239	4237	0.000471809	0.245018363	861
4237	4237	0	0.244734119	862
4236	0	1	0.245609282	863
4234	0	1	0.24648242	864
4229	4224	0.001182313	0.246198836	865
4229	0	1	0.247069276	866
4220	4092	0.030331754	0.24681929	867
4210	4181	0.006888361	0.246542872	868
4210	4210	0	0.246259163	869
4202	4202	0	0.245976107	870
4194	4194	0	0.2456937	871
4183	0	1	0.246558731	872
4172	4171	0.000239693	0.246276578	873
4171	4171	0	0.245994797	874
4168	0	1	0.246856517	875
4161	0	1	0.24771627	876
4148	4148	0	0.247433812	877
4143	0	1	0.248290948	878
4142	4142	0	0.248008479	879
4138	0	1	0.248863015	880
4132	0	1	0.24971561	881
4130	0	1	0.250566273	882
4128	0	1	0.251415009	883
4127	4127	0	0.251130603	884
4095	3919	0.042979243	0.250895403	885
4012	4012	0	0.250612226	886
3985	3619	0.091844417	0.250433232	887
3967	3967	0	0.250151212	888
3964	3964	0	0.249869827	889
3956	3956	0	0.249589075	890
3948	3676	0.068895643	0.249386276	891
3943	3943	0	0.249106695	892
3935	3908	0.006861499	0.248835424	893
3904	0	1	0.249675653	894
3882	3882	0	0.249396686	895
3881	3881	0	0.249118341	896
3872	3872	0	0.248840617	897
3869	3861	0.002067718	0.248565814	898
3867	0	1	0.24940167	899
3850	0	1	0.250235668	900	
