115226	115226	0	0	1
114770	114752	0.000156835	7.84177E-05	2
109265	109265	0	5.22785E-05	3
106042	106042	0	3.92089E-05	4
102430	102430	0	3.13671E-05	5
56824	56824	0	2.61392E-05	6
52285	44511	0.148685091	0.021263132	7
47773	42505	0.110271492	0.032389177	8
37286	37286	0	0.02879038	9
34380	34380	0	0.025911342	10
32434	32433	3.08318E-05	0.023558568	11
31942	31942	0	0.021595354	12
31935	31935	0	0.019934173	13
30749	0	1	0.089938875	14
30409	30407	6.577E-05	0.083947335	15
30368	30368	0	0.078700626	16
28346	27358	0.034855006	0.076121472	17
27461	27454	0.000254907	0.071906663	18
27440	27440	0	0.068122102	19
27343	27343	0	0.064715997	20
27227	27227	0	0.061634283	21
27201	27201	0	0.058832724	22
27023	27022	3.70055E-05	0.056276389	23
26690	26690	0	0.053931539	24
26679	26679	0	0.051774278	25
26604	26601	0.000112765	0.049787296	26
26595	26595	0	0.047943322	27
26591	26591	0	0.046231061	28
26444	26444	0	0.044636886	29
26444	26444	0	0.04314899	30
26442	26442	0	0.041757087	31
26431	26431	0	0.040452178	32
26284	26280	0.000152184	0.039230966	33
26238	26238	0	0.038077114	34
26233	26075	0.006022948	0.037161281	35
26204	26204	0	0.036129023	36
26058	26058	0	0.035152563	37
26054	26054	0	0.034227496	38
25816	25816	0	0.033349868	39
25767	25767	0	0.032516121	40
25557	25557	0	0.031723045	41
24609	24522	0.003535292	0.031051908	42
24298	24298	0	0.03032977	43
22624	22624	0	0.029640457	44
21947	21947	0	0.028981781	45
21286	21046	0.011275016	0.028596851	46
21277	21051	0.010621798	0.028214403	47
20054	19629	0.021192779	0.028068119	48
19524	19524	0	0.0274953	49
19157	19157	0	0.026945394	50
19133	19133	0	0.026417053	51
18961	18961	0	0.025909033	52
18859	18859	0	0.025420183	53
18708	18708	0	0.024949439	54
18243	18227	0.000877049	0.024511759	55
18053	0	1	0.041931192	56
17570	17570	0	0.041195557	57
17430	17430	0	0.040485289	58
17417	17393	0.001377964	0.039822453	59
17198	17198	0	0.039158746	60
17012	17012	0	0.038516799	61
16741	15753	0.059016785	0.038847444	62
16698	16698	0	0.038230818	63
16487	16487	0	0.037633461	64
16301	16301	0	0.037054485	65
16193	16193	0	0.036493053	66
16080	0	1	0.050873754	67
15869	15862	0.000441112	0.050132098	68
15595	0	1	0.063898299	69
15535	15489	0.002961056	0.063027767	70
15507	0	1	0.076224559	71
15399	15383	0.001039029	0.075180316	72
15374	15374	0	0.074150448	73
15191	15176	0.000987427	0.073161759	74
14834	0	1	0.085519602	75
14796	14794	0.000135172	0.084396123	76
14618	14618	0	0.083300069	77
14324	14324	0	0.082232119	78
14182	14182	0	0.081191207	79
13929	0	1	0.092676316	80
13854	13551	0.02187094	0.091802176	81
13482	13480	0.000148346	0.090684446	82
13398	13360	0.002836244	0.089626034	83
13344	13344	0	0.088559058	84
13226	13225	7.56086E-05	0.087518076	85
13172	13172	0	0.086500424	86
13109	13107	0.000152567	0.08550792	87
13056	13056	0	0.084536239	88
13052	13015	0.002834815	0.083618245	89
13034	0	1	0.093800265	90
12927	12828	0.007658389	0.092853651	91
12919	11643	0.098769255	0.092917951	92
12902	0	1	0.102671521	93
12763	0	1	0.112217569	94
12734	12727	0.000549709	0.111042118	95
12646	12618	0.002214139	0.109908493	96
12630	12629	7.91766E-05	0.108776232	97
12550	12356	0.015458167	0.107824007	98
12404	12384	0.001612383	0.106751162	99
12344	12344	0	0.105683651	100
12045	12039	0.000498132	0.10464221	101
12034	12011	0.001911251	0.103635044	102
12002	12002	0	0.102628878	103
11912	11912	0	0.101642062	104
11867	0	1	0.110197852	105
11830	0	1	0.118592212	106
11762	11761	8.50196E-05	0.117484668	107
11730	0	1	0.125656106	108
11716	11716	0	0.124503298	109
11665	11592	0.006258037	0.123428341	110
11621	11602	0.001634971	0.122331103	111
11619	11613	0.000516396	0.121243472	112
11553	11548	0.000432788	0.120174351	113
11552	11124	0.037049861	0.119445189	114
11547	11416	0.011344938	0.118505187	115
11499	0	1	0.12610428	116
11432	0	1	0.133573474	117
11303	0	1	0.140916072	118
11287	11280	0.000620183	0.139737115	119
11256	0	1	0.146905972	120
11232	11231	8.90313E-05	0.145692609	121
11228	11228	0	0.144498407	122
11220	11217	0.00026738	0.143325797	123
11107	11069	0.003421266	0.142197535	124
11100	11074	0.002342342	0.141078693	125
11060	10367	0.062658228	0.140456309	126
11040	11035	0.000452899	0.139353919	127
11030	11026	0.000362647	0.13826805	128
11028	10978	0.004533914	0.137231351	129
10982	10982	0	0.136175726	130
10832	0	1	0.142769804	131
10791	0	1	0.149263972	132
10785	10280	0.046824293	0.148493749	133
10720	10703	0.001585821	0.147397421	134
10710	10366	0.032119514	0.146543511	135
10638	10628	0.000940026	0.145472897	136
10628	10597	0.002916823	0.144432342	137
10586	10586	0	0.143385731	138
10534	10514	0.001898614	0.142367838	139
10491	10491	0	0.141350924	140
10438	0	1	0.147440634	141
10438	0	1	0.153444573	142
10437	7665	0.265593561	0.154228832	143
10367	10367	0	0.153157799	144
10322	10322	0	0.152101538	145
10297	10296	9.71157E-05	0.151060412	146
10275	10275	0	0.15003279	147
10267	10263	0.000389598	0.149021687	148
10223	8755	0.14359777	0.148985285	149
10130	10130	0	0.14799205	150
10112	10112	0	0.14701197	151
10064	10062	0.000198728	0.146046093	152
10041	5624	0.439896425	0.147966684	153
10031	10031	0	0.147005861	154
10012	10012	0	0.146057436	155
9961	9696	0.026603755	0.145291708	156
9936	0	1	0.150735709	157
9911	9838	0.007365553	0.149828303	158
9876	9866	0.001012556	0.148892355	159
9859	7465	0.242823816	0.149479427	160
9857	9857	0	0.148550983	161
9824	9824	0	0.147634002	162
9771	9768	0.000307031	0.146730155	163
9760	9760	0	0.145835459	164
9750	9632	0.012102564	0.145024957	165
9748	9748	0	0.144151313	166
9736	9589	0.015098603	0.143378542	167
9729	9729	0	0.142525098	168
9720	9718	0.000205761	0.141682972	169
9700	9653	0.004845361	0.140878045	170
9680	9478	0.020867769	0.14017623	171
9668	9668	0	0.139361252	172
9620	9519	0.01049896	0.138616384	173
9614	9608	0.00062409	0.137823324	174
9586	9586	0	0.137035763	175
9579	9414	0.01722518	0.136355021	176
9577	9535	0.004385507	0.13560943	177
9567	9563	0.000418104	0.134849928	178
9435	9317	0.012506624	0.134166446	179
9430	9430	0	0.133421077	180
9426	8801	0.066305962	0.133050275	181
9417	9416	0.000106191	0.132319813	182
9384	9279	0.011189258	0.131657898	183
9382	9382	0	0.130942366	184
9374	9374	0	0.130234569	185
9369	9369	0	0.129534383	186
9368	9368	0	0.128841686	187
9349	9349	0	0.128156358	188
9333	8035	0.139076396	0.128214136	189
9329	9329	0	0.127539325	190
9313	9312	0.000107377	0.126872142	191
9300	9290	0.001075269	0.12621695	192
9247	9240	0.000757002	0.125566898	193
9246	0	1	0.130074285	194
9190	0	1	0.134535443	195
9170	0	1	0.138951078	196
9131	7890	0.135910634	0.138935644	197
9072	9072	0	0.138233949	198
9039	9016	0.002544529	0.137552093	199
9006	8992	0.001554519	0.136872105	200
9002	8996	0.000666519	0.136194465	201
8980	0	1	0.14047073	202
8963	0	1	0.144704865	203
8963	8916	0.00524378	0.144021232	204
8943	8935	0.000894554	0.143323053	205
8939	0	1	0.147481679	206
8936	8849	0.0097359	0.14681624	207
8897	8673	0.025177026	0.146231436	208
8849	8803	0.005198327	0.145556637	209
8805	8804	0.000113572	0.144864051	210
8798	8792	0.000681973	0.144180723	211
8793	0	1	0.148217607	212
8781	8781	0	0.14752175	213
8768	8768	0	0.146832396	214
8749	8744	0.000571494	0.146152112	215
8711	8681	0.003443921	0.145491426	216
8710	8454	0.029391504	0.144956404	217
8702	0	1	0.148878622	218
8700	8460	0.027586207	0.148324775	219
8682	8674	0.000921447	0.14765476	220
8665	8516	0.017195615	0.147064447	221
8631	8619	0.001390337	0.146408258	222
8625	8625	0	0.145751718	223
8617	0	1	0.149565327	224
8592	8592	0	0.148900592	225
8575	0	1	0.152666518	226
8551	8550	0.000116945	0.151994494	227
8544	8544	0	0.151327851	228
8506	0	1	0.155033843	229
8503	8498	0.000588028	0.15436234	230
8494	8489	0.000588651	0.153696653	231
8488	8488	0	0.153034167	232
8483	8405	0.00919486	0.152416831	233
8468	0	1	0.156038981	234
8454	0	1	0.159630305	235
8439	8437	0.000236995	0.15895491	236
8298	6942	0.163412871	0.15897372	237
8276	8276	0	0.158305763	238
8228	0	1	0.161827496	239
8219	0	1	0.165319881	240
8203	8203	0	0.164633907	241
8202	8200	0.000243843	0.163954609	242
8111	8102	0.001109604	0.163284465	243
8063	7934	0.015999008	0.162680836	244
8061	8061	0	0.162016833	245
8054	7827	0.028184753	0.1614728	246
8049	8013	0.004472605	0.160837171	247
8028	8028	0	0.160188634	248
7984	7982	0.000250501	0.159546313	249
7978	7971	0.000877413	0.158911637	250
7971	7971	0	0.158278523	251
7960	7958	0.000251256	0.157651431	252
7957	7954	0.000377027	0.157029793	253
7944	7936	0.001007049	0.15641553	254
7942	7942	0	0.155802136	255
7942	7827	0.01447998	0.155250096	256
7932	7916	0.002017146	0.154653859	257
7922	7922	0	0.154054425	258
7914	5965	0.246272429	0.154410479	259
7906	7906	0	0.153816593	260
7884	0	1	0.157058675	261
7837	0	1	0.160276008	262
7806	7794	0.001537279	0.159672439	263
7798	7798	0	0.159067619	264
7730	0	1	0.162240949	265
7730	7730	0	0.16163102	266
7716	7670	0.005961638	0.161047989	267
7692	0	1	0.164178407	268
7688	7688	0	0.163568078	269
7687	7687	0	0.162962271	270
7682	7682	0	0.162360934	271
7672	0	1	0.165440489	272
7661	0	1	0.168497484	273
7639	0	1	0.171532164	274
7638	7638	0	0.170908411	275
7637	7635	0.000261883	0.170290127	276
7635	7635	0	0.169675361	277
7630	7629	0.000131062	0.169065489	278
7605	7605	0	0.16845952	279
7603	0	1	0.171429307	280
7600	7600	0	0.170819238	281
7589	0	1	0.173759596	282
7584	7576	0.001054852	0.173149332	283
7574	7572	0.000264061	0.172540581	284
7540	7540	0	0.171935175	285
7529	7529	0	0.171334003	286
7524	7522	0.000265816	0.170737947	287
7505	7505	0	0.170145107	288
7489	7489	0	0.169556369	289
7484	7411	0.009754142	0.169005327	290
7479	7463	0.002139323	0.168431904	291
7456	0	1	0.17127974	292
7435	7400	0.004707465	0.170711234	293
7435	0	1	0.173531944	294
7424	0	1	0.176333531	295
7422	7422	0	0.17573781	296
7402	7402	0	0.1751461	297
7388	0	1	0.177914066	298
7379	7379	0	0.177319036	299
7366	0	1	0.180061306	300
7357	0	1	0.182785354	301
7344	7315	0.003948802	0.18219318	302
7323	7209	0.01556739	0.18164326	303
7321	7287	0.004644174	0.181061026	304
7319	7319	0	0.180467384	305
7319	7319	0	0.179877621	306
7317	7317	0	0.1792917	307
7309	7308	0.000136818	0.178710029	308
7285	7285	0	0.178131679	309
7282	7277	0.000686625	0.177559276	310
7272	7272	0	0.176988346	311
7242	7236	0.0008285	0.176423731	312
7236	7215	0.002902156	0.175869349	313
7233	5615	0.223696945	0.176021666	314
7222	7199	0.003184713	0.175472977	315
7216	7124	0.012749446	0.174958029	316
7214	7189	0.003465484	0.174417043	317
7198	7196	0.000277855	0.173869436	318
7195	7187	0.001111883	0.173327876	319
7194	7194	0	0.172786226	320
7194	7194	0	0.172247952	321
7160	7158	0.00027933	0.171713888	322
7157	7123	0.004750594	0.171196973	323
7144	7144	0	0.170668588	324
7110	7085	0.003516174	0.170154272	325
7101	6938	0.022954513	0.169702739	326
7082	7081	0.000141203	0.169184203	327
7074	7074	0	0.168668397	328
7069	7068	0.000141463	0.168156157	329
7067	6097	0.137257677	0.168062525	330
7054	0	1	0.170575932	331
7033	7033	0	0.170062149	332
7032	7011	0.002986348	0.16956042	333
7031	6898	0.018916228	0.169109389	334
7018	7018	0	0.168604585	335
7017	7000	0.002422688	0.168109996	336
6975	6975	0	0.167611153	337
6972	6371	0.086201951	0.167370298	338
6967	6967	0	0.16687658	339
6960	6960	0	0.166385767	340
6942	6931	0.001584558	0.165902479	341
6931	6931	0	0.165417384	342
6925	6925	0	0.164935117	343
6914	6882	0.00462829	0.164469109	344
6895	6890	0.000725163	0.163994489	345
6877	6877	0	0.163520516	346
6877	6317	0.081430856	0.163283947	347
6858	6858	0	0.16281474	348
6854	6849	0.000729501	0.162350312	349
6846	0	1	0.164743597	350
6803	6799	0.000587976	0.164275917	351
6763	0	1	0.166650133	352
6763	6763	0	0.166178037	353
6754	6754	0	0.165708607	354
6742	6742	0	0.165241822	355
6723	6723	0	0.16477766	356
6723	6722	0.000148743	0.164316515	357
6715	0	1	0.166650826	358
6707	6707	0	0.166186618	359
6703	6526	0.026406087	0.165798338	360
6694	6684	0.001493875	0.165343201	361
6680	0	1	0.167648883	362
6668	6667	0.00014997	0.167187454	363
6666	6660	0.00090009	0.16673062	364
6661	0	1	0.16901355	365
6625	0	1	0.171284005	366
6620	0	1	0.173542086	367
6613	6583	0.004536519	0.173082832	368
6603	6555	0.007269423	0.172633473	369
6597	6597	0	0.172166896	370
6580	5787	0.120516717	0.172027678	371
6578	6577	0.000152022	0.171565646	372
6563	0	1	0.17378665	373
6559	6559	0	0.17332198	374
6536	6536	0	0.172859788	375
6522	6478	0.006746397	0.172417997	376
6516	5339	0.18063229	0.172439785	377
6508	0	1	0.174629098	378
6501	6501	0	0.174168335	379
6489	6489	0	0.173709998	380
6458	6458	0	0.173254066	381
6453	6452	0.000154967	0.172800927	382
6447	6446	0.000155111	0.172350154	383
6437	6435	0.000310704	0.171902135	384
6428	0	1	0.174053039	385
6410	0	1	0.176192798	386
6410	0	1	0.178321498	387
6401	6400	0.000156226	0.17786231	388
6384	0	1	0.179975774	389
6368	6367	0.000157035	0.1795147	390
6366	6365	0.000157085	0.179055985	391
6362	6362	0	0.17859921	392
6356	5842	0.080868471	0.178350531	393
6348	6347	0.00015753	0.177898265	394
6326	6326	0	0.177447889	395
6308	0	1	0.179525041	396
6277	6276	0.000159312	0.179073238	397
6253	6253	0	0.178623305	398
6248	6238	0.001600512	0.178179639	399
6240	6152	0.014102564	0.177769447	400
6235	6234	0.000160385	0.177326531	401
6232	5988	0.03915276	0.176982815	402
6230	6228	0.000321027	0.176544449	403
6225	6225	0	0.176107457	404
6215	6188	0.004344328	0.175683351	405
6213	6213	0	0.175250633	406
6210	6210	0	0.174820042	407
6194	6193	0.000161447	0.174391957	408
6191	6141	0.00807624	0.173985317	409
6191	6181	0.001615248	0.173564903	410
6174	6174	0	0.173142604	411
6149	6149	0	0.172722354	412
6142	0	1	0.174725448	413
6126	6126	0	0.174303406	414
6123	0	1	0.176293036	415
6116	0	1	0.178273101	416
6116	0	1	0.180243669	417
6101	5993	0.017702016	0.179854814	418
6096	6096	0	0.179425566	419
6081	5751	0.05426739	0.17912757	420
6080	6080	0	0.178702089	421
6068	6065	0.000494397	0.178279796	422
6064	6064	0	0.177858331	423
6063	0	1	0.179797344	424
6051	0	1	0.181727233	425
6045	6042	0.000496278	0.181301808	426
6043	6043	0	0.180877213	427
6042	0	1	0.182791052	428
6041	6033	0.001324284	0.182368052	429
6040	6038	0.000331126	0.181944711	430
6033	6032	0.000165755	0.18152295	431
6030	6022	0.0013267	0.181105829	432
6025	6025	0	0.18068757	433
6015	6013	0.000332502	0.180272006	434
6010	4856	0.192013311	0.180298997	435
5997	5997	0	0.179885467	436
5995	5092	0.150625521	0.179818511	437
5992	5962	0.005006676	0.179419397	438
5991	0	1	0.181288601	439
5982	5422	0.093614176	0.181089341	440
5982	5981	0.000167168	0.180679087	441
5978	5978	0	0.180270311	442
5978	5978	0	0.17986338	443
5978	5788	0.031783205	0.179529866	444
5978	5971	0.00117096	0.17912906	445
5975	0	1	0.180969577	446
5968	5964	0.000670241	0.180566223	447
5967	5967	0	0.180163174	448
5955	5764	0.032073887	0.179833353	449
5948	5942	0.001008742	0.179435965	450
5943	5943	0	0.179038103	451
5943	5943	0	0.178642001	452
5936	0	1	0.180455153	453
5935	5855	0.01347936	0.180087365	454
5921	5921	0	0.179691569	455
5920	5898	0.003716216	0.179305658	456
5919	5813	0.01790843	0.178952491	457
5907	0	1	0.180745171	458
5878	5841	0.006294658	0.180365105	459
5874	5874	0	0.179973007	460
5864	0	1	0.181751807	461
5862	5862	0	0.181358405	462
5858	5443	0.070843291	0.181119711	463
5851	5851	0	0.180729367	464
5850	5850	0	0.180340702	465
5850	5850	0	0.179953705	466
5833	5833	0	0.179568365	467
5832	5832	0	0.179184672	468
5830	5830	0	0.178802615	469
5825	5825	0	0.178422184	470
5821	5821	0	0.178043368	471
5815	5815	0	0.177666157	472
5809	5765	0.007574453	0.177306556	473
5807	0	1	0.179042196	474
5805	5805	0	0.178665265	475
5804	5802	0.00034459	0.178290642	476
5803	5803	0	0.177916867	477
5803	5665	0.023780803	0.177594406	478
5800	0	1	0.179311328	479
5799	0	1	0.181021096	480
5798	0	1	0.182723755	481
5798	5798	0	0.18234466	482
5791	5775	0.002762908	0.181972855	483
5789	0	1	0.183662994	484
5786	0	1	0.185346163	485
5780	0	1	0.187022406	486
5777	5695	0.014194218	0.186667522	487
5777	0	1	0.188334187	488
5762	5762	0	0.187949046	489
5760	5759	0.000173611	0.18756583	490
5736	5736	0	0.187183823	491
5729	5729	0	0.186803368	492
5725	5719	0.001048035	0.186426582	493
5724	0	1	0.188073492	494
5721	5721	0	0.187693545	495
5715	5668	0.008223972	0.187331712	496
5712	5712	0	0.186954787	497
5709	5709	0	0.186579375	498
5708	5703	0.000875964	0.186207224	499
5704	5693	0.001928471	0.185838667	500
5700	5700	0	0.185467731	501
5699	5698	0.000175469	0.185098623	502
5699	5030	0.117389016	0.184964012	503
5676	5676	0	0.18459702	504
5672	5592	0.014104372	0.18425941	505
5659	0	1	0.185871546	506
5655	5430	0.039787798	0.185583412	507
5652	0	1	0.187186595	508
5648	5647	0.000177054	0.186819189	509
5636	5636	0	0.186452877	510
5633	5633	0	0.186087998	511
5632	3954	0.297940341	0.18630646	512
5632	5630	0.000355114	0.185943982	513
5621	5608	0.002312756	0.185586722	514
5619	5619	0	0.18522636	515
5618	5618	0	0.184867394	516
5607	0	1	0.186444053	517
5594	5593	0.000178763	0.186084467	518
5591	5591	0	0.185725923	519
5576	5576	0	0.185368758	520
5572	5572	0	0.185012964	521
5563	5539	0.004314219	0.184666797	522
5558	5558	0	0.184313706	523
5554	5550	0.000720202	0.183963337	524
5548	0	1	0.185517692	525
5546	0	1	0.187066138	526
5546	0	1	0.188608707	527
5542	5542	0	0.188251493	528
5534	5532	0.000361402	0.187896314	529
5534	5534	0	0.187541792	530
5525	0	1	0.189071845	531
5509	0	1	0.190596146	532
5491	5469	0.004006556	0.190246072	533
5487	0	1	0.191762465	534
5483	5483	0	0.191404031	535
5478	0	1	0.192912605	536
5477	0	1	0.194415561	537
5468	5468	0	0.194054194	538
5468	0	1	0.195549455	539
5463	5416	0.008603332	0.195203259	540
5462	5462	0	0.194842439	541
5461	5446	0.00274675	0.194488019	542
5456	5442	0.002565982	0.194134572	543
5452	0	1	0.195615942	544
5442	5215	0.041712606	0.195333551	545
5439	0	1	0.196807299	546
5426	5426	0	0.196447505	547
5423	5423	0	0.196089024	548
5414	5414	0	0.195731849	549
5414	0	1	0.197194155	550
5413	5413	0	0.196836271	551
5406	5342	0.011838698	0.19650113	552
5396	5396	0	0.196145793	553
5385	4972	0.076694522	0.195930177	554
5379	0	1	0.197378952	555
5375	0	1	0.198822515	556
5368	5368	0	0.198465563	557
5366	4998	0.068579948	0.198232793	558
5363	0	1	0.199667081	559
5359	5357	0.000373204	0.199311199	560
5357	5330	0.005040134	0.198964905	561
5350	5350	0	0.198610875	562
5347	5347	0	0.198258102	563
5345	5345	0	0.197906581	564
5326	5326	0	0.197556304	565
5326	5326	0	0.197207264	566
5317	5317	0	0.196859456	567
5314	0	1	0.198273436	568
5305	0	1	0.199682446	569
5289	5289	0	0.199332126	570
5285	0	1	0.200734346	571
5283	5283	0	0.200383412	572
5283	5109	0.032935832	0.200091182	573
5282	5271	0.002082544	0.199746219	574
5269	5269	0	0.199398835	575
5265	0	1	0.200788767	576
5265	5242	0.004368471	0.200448351	577
5263	5263	0	0.200101554	578
5244	0	1	0.201483072	579
5244	0	1	0.202859825	580
5243	5243	0	0.202510669	581
5242	5194	0.00915681	0.202178445	582
5237	5237	0	0.201831656	583
5236	0	1	0.203198382	584
5231	0	1	0.204560436	585
5227	5227	0	0.204211357	586
5224	0	1	0.205567045	587
5218	5202	0.003066309	0.205222656	588
5216	5216	0	0.20487423	589
5215	5175	0.007670182	0.204539986	590
5214	5214	0	0.204193895	591
5211	3833	0.264440606	0.204295663	592
5210	0	1	0.205637491	593
5209	5174	0.00671914	0.205302612	594
5206	5197	0.001728774	0.204960471	595
5203	0	1	0.20629443	596
5202	0	1	0.20762392	597
5198	5198	0	0.207276723	598
5195	5195	0	0.206930685	599
5194	5189	0.000962649	0.206587405	600
5193	5038	0.029847872	0.206293329	601
5193	0	1	0.207611779	602
5184	5181	0.000578704	0.20726844	603
5176	4032	0.221020093	0.207291208	604
5168	4951	0.041989164	0.207017981	605
5159	4998	0.031207598	0.206727865	606
5158	0	1	0.208034739	607
5158	5152	0.001163242	0.207694489	608
5153	0	1	0.208995484	609
5148	5148	0	0.208652868	610
5147	0	1	0.209948035	611
5143	5133	0.00194439	0.20960816	612
5142	5141	0.000194477	0.209266539	613
5139	0	1	0.210554379	614
5132	0	1	0.21183803	615
5132	4608	0.102104443	0.211659891	616
5130	0	1	0.21293759	617
5130	5103	0.005263158	0.212601547	618
5122	5095	0.005271378	0.212266603	619
5115	0	1	0.213537141	620
5111	5111	0	0.213193281	621
5103	5069	0.006662747	0.212861238	622
5100	0	1	0.214124703	623
5098	0	1	0.215384119	624
5096	5093	0.000588697	0.215040446	625
5078	5078	0	0.214696931	626
5077	5075	0.000393933	0.21435514	627
5074	0	1	0.215606167	628
5070	0	1	0.216853216	629
5067	5066	0.000197355	0.216509318	630
5067	5063	0.000789422	0.216167448	631
5059	4443	0.121763194	0.216018074	632
5056	5056	0	0.215676813	633
5056	0	1	0.216913916	634
5045	5045	0	0.216572319	635
5035	5016	0.003773585	0.21623773	636
5034	5032	0.000397298	0.215898891	637
5027	0	1	0.21712789	638
5023	5023	0	0.216788097	639
5017	5013	0.000797289	0.216450611	640
5016	0	1	0.217672997	641
5011	5008	0.000598683	0.217334875	642
5002	5002	0	0.216996873	643
4992	0	1	0.218212717	644
4983	0	1	0.21942479	645
4974	4971	0.000603136	0.219086057	646
4974	4933	0.008242863	0.218760179	647
4968	4949	0.003824477	0.218428488	648
4955	4955	0	0.218091926	649
4946	4849	0.019611808	0.217786572	650
4946	4946	0	0.217452031	651
4944	0	1	0.218652258	652
4944	4944	0	0.218317415	653
4939	4939	0	0.217983596	654
4933	0	1	0.219177514	655
4928	4928	0	0.218843402	656
4926	4901	0.005075112	0.218518032	657
4922	4872	0.010158472	0.218201376	658
4916	4785	0.026647681	0.217910703	659
4914	4807	0.021774522	0.217613527	660
4913	4912	0.000203542	0.217284616	661
4912	0	1	0.218466966	662
4898	0	1	0.219645748	663
4898	0	1	0.220820981	664
4898	4846	0.010616578	0.220504884	665
4873	4872	0.000205212	0.220174104	666
4870	4870	0	0.219844008	667
4869	3501	0.280961183	0.2199355	668
4866	4851	0.003082614	0.219611356	669
4865	4865	0	0.219283577	670
4863	4863	0	0.218956776	671
4861	0	1	0.220119043	672
4860	4860	0	0.219791972	673
4852	4102	0.154575433	0.219695211	674
4850	0	1	0.220851218	675
4848	0	1	0.222003805	676
4841	4841	0	0.221675882	677
4839	4839	0	0.221348927	678
4837	0	1	0.222495688	679
4836	4836	0	0.222168489	680
4836	4836	0	0.22184225	681
4833	4833	0	0.221516968	682
4828	0	1	0.222656768	683
4820	0	1	0.223793234	684
4820	0	1	0.224926383	685
4812	4807	0.001039069	0.224600017	686
4801	4797	0.00083316	0.224274301	687
4796	4796	0	0.22394832	688
4790	0	1	0.225074665	689
4786	4786	0	0.22474847	690
4783	0	1	0.225870397	691
4774	0	1	0.226989082	692
4773	0	1	0.228104538	693
4768	0	1	0.229216779	694
4767	4762	0.001048878	0.22888848	695
4767	0	1	0.229996399	696
4757	4757	0	0.229666418	697
4753	4753	0	0.229337383	698
4752	0	1	0.230439905	699
4751	0	1	0.231539276	700
4748	4731	0.003580455	0.231214085	701
4745	3557	0.250368809	0.231241371	702
4744	0	1	0.232334911	703
4738	0	1	0.233425345	704
4737	4737	0	0.233094245	705
4736	0	1	0.234180514	706
4735	4731	0.000844773	0.233850477	707
4732	0	1	0.234932609	708
4729	0	1	0.236011689	709
4728	0	1	0.237087729	710
4728	0	1	0.238160742	711
4727	4727	0	0.237826246	712
4725	0	1	0.238895214	713
4714	0	1	0.239961187	714
4707	4648	0.012534523	0.239643108	715
4703	0	1	0.240705059	716
4694	0	1	0.241764047	717
4688	4688	0	0.241427329	718
4678	4585	0.019880291	0.241119196	719
4675	0	1	0.242173198	720
4666	4666	0	0.241837312	721
4666	4666	0	0.241502358	722
4657	4657	0	0.24116833	723
4656	0	1	0.24221644	724
4655	0	1	0.243261658	725
4655	4582	0.015682062	0.242948188	726
4654	4654	0	0.242614009	727
4651	4640	0.002365083	0.242283996	728
4650	0	1	0.243323387	729
4644	4072	0.123169681	0.243158793	730
4642	4634	0.001723395	0.242828512	731
4641	4641	0	0.242496779	732
4636	0	1	0.243530208	733
4629	4629	0	0.243198423	734
4626	4626	0	0.242867541	735
4624	4614	0.00216263	0.242540496	736
4622	4589	0.007139766	0.242221092	737
4622	0	1	0.243247893	738
4620	0	1	0.244271915	739
4619	4616	0.000649491	0.243942695	740
4617	4614	0.000649773	0.243614365	741
4614	4562	0.011270048	0.243301232	742
4609	4609	0	0.242973774	743
4607	4606	0.000217061	0.242647488	744
4604	4567	0.00803649	0.242332574	745
4602	0	1	0.243348214	746
4601	4601	0	0.243022447	747
4600	4590	0.002173913	0.242700457	748
4587	4538	0.010682363	0.242390686	749
4586	0	1	0.243400832	750
4573	0	1	0.244408288	751
4570	4570	0	0.244083277	752
4569	0	1	0.24508715	753
4555	4508	0.010318332	0.244775786	754
4548	0	1	0.245776083	755
4541	4532	0.001981942	0.245453604	756
4539	4539	0	0.245129358	757
4536	0	1	0.24612523	758
4534	0	1	0.247118477	759
4528	0	1	0.248109111	760
4521	0	1	0.249097141	761
4518	4459	0.013058876	0.248787379	762
4515	4183	0.073532669	0.248557688	763
4512	0	1	0.249541251	764
4512	0	1	0.250522243	765
4511	4509	0.000443361	0.250195769	766
4507	0	1	0.25117335	767
4502	4404	0.021768103	0.250874645	768
4502	4437	0.014438028	0.250567185	769
4499	0	1	0.251540474	770
4497	0	1	0.252511239	771
4495	0	1	0.253479489	772
4495	4485	0.002224694	0.25315445	773
4491	0	1	0.254119367	774
4490	4490	0	0.253791471	775
4489	0	1	0.25475308	776
4484	4484	0	0.254425212	777
4471	4470	0.000223664	0.254098475	778
4470	0	1	0.255055987	779
4466	4466	0	0.254728992	780
4464	4464	0	0.254402834	781
4463	0	1	0.255356283	782
4459	0	1	0.256307297	783
4458	0	1	0.257255885	784
4457	4457	0	0.25692817	785
4456	0	1	0.257873554	786
4455	0	1	0.258816536	787
4455	0	1	0.259757124	788
4452	4452	0	0.259427901	789
4452	0	1	0.260365334	790
4451	0	1	0.261300397	791
4450	4442	0.001797753	0.260972742	792
4449	0	1	0.26190468	793
4445	4432	0.002924634	0.261578509	794
4443	4443	0	0.261249479	795
4438	0	1	0.262177558	796
4431	4431	0	0.261848602	797
4429	4429	0	0.261520471	798
4418	0	1	0.262444726	799
4416	4411	0.001132246	0.262118085	800
4416	4416	0	0.261790847	801
4412	0	1	0.262711307	802
4410	4392	0.004081633	0.262389228	803
4410	4398	0.002721088	0.262066257	804
4410	4360	0.011337868	0.261754794	805
4385	0	1	0.262670731	806
4379	0	1	0.263584398	807
4379	0	1	0.264495803	808
4378	0	1	0.265404955	809
4378	4053	0.07423481	0.265168943	810
4377	0	1	0.266075023	811
4375	0	1	0.266978872	812
4373	4339	0.007774983	0.266660048	813
4364	4260	0.023831347	0.266361732	814
4360	4235	0.028669725	0.266070086	815
4358	4248	0.025240936	0.265774952	816
4343	0	1	0.266673636	817
4342	0	1	0.267570123	818
4340	4340	0	0.26724342	819
4339	4339	0	0.266917513	820
4336	4307	0.006688192	0.266600547	821
4334	4334	0	0.266276215	822
4334	4307	0.006229811	0.265960241	823
4333	0	1	0.266851066	824
4333	4140	0.044541888	0.266581601	825
4332	0	1	0.267469516	826
4330	0	1	0.268355285	827
4330	4223	0.024711316	0.268061029	828
4330	0	1	0.268943947	829
4330	0	1	0.269824737	830
4328	0	1	0.270703408	831
4322	4321	0.000231374	0.270378321	832
4317	4311	0.001389854	0.270055406	833
4314	4310	0.000927214	0.26973271	834
4313	4313	0	0.269409677	835
4313	4313	0	0.269087417	836
4312	0	1	0.269960669	837
4311	0	1	0.270831838	838
4309	0	1	0.27170093	839
4305	4300	0.00116144	0.271378859	840
4303	3824	0.111317685	0.271188537	841
4297	0	1	0.272054109	842
4294	4247	0.010945505	0.271744371	843
4292	4292	0	0.271422399	844
4291	4260	0.007224423	0.271109739	845
4291	0	1	0.271971311	846
4288	4288	0	0.271650212	847
4286	4286	0	0.27132987	848
4283	4283	0	0.271010282	849
4282	3279	0.234236338	0.270967018	850
4269	0	1	0.271823697	851
4264	4264	0	0.271504655	852
4262	4262	0	0.271186361	853
4258	4258	0	0.270868812	854
4257	4248	0.002114165	0.270554479	855
4249	4249	0	0.270238411	856
4246	4184	0.014601978	0.269940119	857
4242	4212	0.007072136	0.269633746	858
4242	4236	0.001414427	0.2693215	859
4240	4142	0.023113208	0.269035211	860
4240	0	1	0.269884183	861
4239	4231	0.001887238	0.269573282	862
4237	4237	0	0.269260914	863
4236	3952	0.067044381	0.269026867	864
4234	0	1	0.269871923	865
4232	4203	0.006852552	0.269568205	866
4229	4227	0.000472925	0.26925783	867
4229	0	1	0.270099699	868
4220	0	1	0.27093963	869
4218	4218	0	0.270628205	870
4210	4202	0.001900238	0.270319677	871
4210	4210	0	0.270009678	872
4204	4202	0.000475737	0.269700933	873
4202	4200	0.000475964	0.269392896	874
4200	0	1	0.270227875	875
4199	0	1	0.271060948	876
4194	4190	0.000953743	0.270752958	877
4183	0	1	0.271583536	878
4181	4181	0	0.271274567	879
4180	4180	0	0.2709663	880
4175	4175	0	0.270658734	881
4172	4171	0.000239693	0.270352136	882
4171	4171	0	0.270045962	883
4168	0	1	0.270871701	884
4166	3937	0.054968795	0.270627743	885
4166	4164	0.000480077	0.270322836	886
4161	0	1	0.271145471	887
4155	0	1	0.271966253	888
4148	4148	0	0.27166033	889
4148	4148	0	0.271355093	890
4145	0	1	0.272172877	891
4145	0	1	0.272988826	892
4143	0	1	0.273802948	893
4143	4132	0.002655081	0.273499651	894
4142	4142	0	0.273194065	895
4139	4136	0.000724813	0.27288997	896
4138	0	1	0.273700572	897
4132	0	1	0.274509368	898
4130	0	1	0.275316366	899
4128	0	1	0.27612157	900
4128	0	1	0.276924987	901
4128	0	1	0.277726622	902
4127	4127	0	0.277419062	903
4127	4127	0	0.277112182	904
4125	4092	0.008	0.276814821	905
4124	4122	0.000484966	0.276509821	906
4121	4121	0	0.276204959	907
4120	0	1	0.27700209	908
4118	4118	0	0.276697357	909
4118	0	1	0.277492195	910
4118	0	1	0.278285289	911
4111	4077	0.008270494	0.27798922	912
4100	4100	0	0.277684741	913
4096	4096	0	0.277380928	914
4095	3863	0.056654457	0.277139697	915
4092	0	1	0.277928846	916
4077	3970	0.026244788	0.277654381	917
4076	4076	0	0.277351925	918
4076	0	1	0.278138267	919
4071	0	1	0.2789229	920
4066	4065	0.000245942	0.278620319	921
4066	4058	0.001967536	0.278320261	922
4061	3896	0.040630387	0.278062743	923
4060	4060	0	0.277761809	924
4055	4054	0.000246609	0.277461792	925
4054	4048	0.00148002	0.277163756	926
4049	0	1	0.277943515	927
4041	4040	0.000247463	0.277644273	928
4025	4025	0	0.27734541	929
4016	3611	0.100846614	0.277155626	930
4012	4012	0	0.276857929	931
4006	4002	0.000998502	0.276561943	932
4005	4005	0	0.276265521	933
3985	3984	0.000250941	0.275970002	934
3979	3979	0	0.275674847	935
3967	3967	0	0.275380322	936
3965	3965	0	0.275086426	937
3964	3963	0.00025227	0.274793426	938
3956	3956	0	0.274500782	939
3948	0	1	0.275272589	940
3943	3943	0	0.274980057	941
3935	3935	0	0.274688146	942
3935	0	1	0.2754573	943
3904	0	1	0.276224824	944
3882	3882	0	0.275932523	945
3881	3881	0	0.275640839	946
3872	3853	0.004907025	0.275354953	947
3869	3861	0.002067718	0.275066676	948
3867	0	1	0.275830568	949
3850	0	1	0.276592851	950
3847	0	1	0.277353532	951
3834	3832	0.000521648	0.277062742	952
3828	0	1	0.277821333	953
3791	0	1	0.278578334	954
3784	3782	0.000528541	0.278287182	955
3777	3777	0	0.277996087	956
3767	0	1	0.278750532	957
3765	0	1	0.279503402	958
3733	0	1	0.280254702	959
3720	3720	0	0.27996277	960
