115226	108910	0.054814018	0.054814018	1
114770	111234	0.030809445	0.042811731	2
109265	92768	0.150981559	0.07886834	3
106042	100007	0.056911412	0.073379108	4
102430	93780	0.084447916	0.07559287	5
56824	49090	0.136104463	0.085678135	6
52285	52022	0.005030123	0.074156991	7
47773	45956	0.038034036	0.069641621	8
37286	34452	0.07600708	0.070348895	9
34380	17091	0.502879581	0.113601963	10
32434	31366	0.032928408	0.106268004	11
31942	31942	0	0.097412337	12
31935	16594	0.480382026	0.126871544	13
30749	28156	0.084327946	0.123832715	14
30409	28317	0.068795422	0.120163562	15
30368	21438	0.294059536	0.131032061	16
28346	27689	0.023177873	0.124687697	17
27461	26545	0.033356396	0.119613736	18
27440	26959	0.017529155	0.114240863	19
27343	16292	0.404161943	0.128736917	20
27227	20531	0.245932347	0.134317652	21
27201	22793	0.162052866	0.135578343	22
27023	22987	0.149354254	0.136177296	23
26690	20705	0.224241289	0.139846629	24
26679	11379	0.573484763	0.157192154	25
26604	24758	0.069388062	0.153815074	26
26595	25238	0.051024629	0.15000802	27
26591	17310	0.349027867	0.157115872	28
26444	19597	0.25892452	0.160626515	29
26444	16991	0.357472394	0.167188044	30
26442	24035	0.091029423	0.164731315	31
26431	25309	0.042450153	0.160910028	32
26284	20666	0.213742201	0.162511003	33
26238	17955	0.315687171	0.167016185	34
26233	17672	0.32634468	0.171568427	35
26204	14634	0.441535643	0.179067517	36
26058	17292	0.336403408	0.183319838	37
26054	25360	0.026636985	0.179196605	38
25816	24959	0.033196467	0.175453012	39
25767	15399	0.402375131	0.181126065	40
25557	7896	0.69104355	0.193563077	41
24609	21776	0.115120484	0.191695396	42
24298	22459	0.075685242	0.188997485	43
22624	13834	0.38852546	0.193532212	44
21947	17692	0.193876156	0.193539855	45
21286	18215	0.144273231	0.192468842	46
21277	19448	0.085961367	0.190202725	47
20054	18832	0.060935474	0.187509657	48
19524	9585	0.509065765	0.194072027	49
19157	18601	0.029023334	0.190771053	50
19133	14441	0.245230753	0.19183889	51
18961	10076	0.468593429	0.197161093	52
18859	17927	0.049419375	0.194373513	53
18708	13028	0.303613427	0.196396475	54
18243	0	1	0.211007448	55
18053	15340	0.150279732	0.209923024	56
17570	0	1	0.223784024	57
17430	13898	0.202639128	0.223419457	58
17417	16179	0.071079979	0.220837432	59
17198	8291	0.517909059	0.225788626	60
17012	14985	0.119151187	0.224040471	61
16741	11386	0.319873365	0.225586163	62
16698	9172	0.45071266	0.229159599	63
16487	16254	0.014132347	0.225799798	64
16301	4292	0.73670327	0.233659852	65
16193	14578	0.099734453	0.231630679	66
16080	5973	0.628544776	0.23755477	67
15869	12495	0.212615792	0.23718802	68
15595	9446	0.394293043	0.239464905	69
15535	8846	0.430576118	0.242195065	70
15507	8211	0.470497195	0.245410588	71
15399	6449	0.581206572	0.250074421	72
15374	8203	0.466436841	0.25303829	73
15191	12388	0.184517148	0.252112328	74
14834	5522	0.627747068	0.257120792	75
14796	9560	0.353879427	0.258393932	76
14618	12952	0.113969079	0.256518284	77
14324	13680	0.044959509	0.253805992	78
14182	0	1	0.263251486	79
13929	0	1	0.272460842	80
13854	6955	0.497978923	0.275245016	81
13482	12265	0.090268506	0.272989205	82
13398	10228	0.236602478	0.272550811	83
13344	13086	0.019334532	0.269536331	84
13226	9634	0.271586269	0.269560448	85
13172	5833	0.557166717	0.272904707	86
13109	0	1	0.281262124	87
13056	11605	0.111136642	0.27932888	88
13052	12895	0.012028808	0.276325509	89
13034	10578	0.188430259	0.275348895	90
12927	0	1	0.283312094	91
12919	8116	0.371778001	0.28427368	92
12902	11483	0.109982948	0.282399586	93
12763	10188	0.201755073	0.281541665	94
12734	10981	0.13766295	0.280027153	95
12646	2619	0.79289894	0.285369567	96
12630	9939	0.213064133	0.28462415	97
12550	4417	0.648047809	0.288332555	98
12404	11043	0.10972267	0.286528415	99
12344	5297	0.57088464	0.289371977	100
12045	0	1	0.296407898	101
12034	0	1	0.30330586	102
12002	9759	0.186885519	0.302175565	103
11912	0	1	0.308885415	104
11867	5950	0.49860959	0.310692312	105
11830	10003	0.15443787	0.309218214	106
11762	1851	0.842628805	0.31420336	107
11730	9890	0.156862745	0.312746502	108
11716	10919	0.06802663	0.310501366	109
11665	5565	0.522931847	0.312432552	110
11621	4906	0.577833233	0.314823549	111
11619	0	1	0.320941196	112
11553	7686	0.334718255	0.321063117	113
11552	10451	0.095308172	0.31908281	114
11547	0	1	0.325003829	115
11499	2315	0.798678146	0.329087228	116
11432	5410	0.52676697	0.330776799	117
11303	10510	0.070158365	0.328568168	118
11287	0	1	0.334210452	119
11256	3125	0.722370291	0.337445118	120
11232	7220	0.357193732	0.337608329	121
11228	6075	0.458941931	0.338602867	122
11220	6754	0.398039216	0.339086089	123
11107	9996	0.10002701	0.337158194	124
11100	10794	0.027567568	0.334681469	125
11060	8882	0.196925859	0.33358817	126
11040	9150	0.171195652	0.332309489	127
11030	10706	0.029374433	0.329942809	128
11028	2073	0.812023939	0.333679872	129
10982	7852	0.285011838	0.333305502	130
10832	9787	0.096473412	0.331497624	131
10791	7954	0.262904272	0.330977977	132
10785	8622	0.200556328	0.329997363	133
10720	0	1	0.334997383	134
10710	0	1	0.339923328	135
10638	5024	0.527730776	0.341304265	136
10628	7844	0.261949567	0.340725034	137
10586	0	1	0.345502389	138
10534	2062	0.804252895	0.348802752	139
10491	0	1	0.353454161	140
10438	6435	0.383502587	0.35366727	141
10438	0	1	0.358218909	142
10437	5923	0.43249976	0.358738356	143
10367	8717	0.159158869	0.357352387	144
10322	0	1	0.36178444	145
10297	2990	0.709624162	0.364166904	146
10275	5877	0.428029197	0.364601341	147
10267	6962	0.321905133	0.364312853	148
10223	5196	0.491734325	0.365168031	149
10130	9821	0.030503455	0.362936934	150
10112	8741	0.135581487	0.361431268	151
10064	0	1	0.365632378	152
10041	9993	0.0047804	0.363273869	153
10031	3597	0.641411624	0.365079958	154
10012	0	1	0.369176216	155
9961	9543	0.041963658	0.3670787	156
9936	0	1	0.371110046	157
9911	0	1	0.375090362	158
9876	0	1	0.379020611	159
9859	5999	0.391520438	0.379098735	160
9857	7923	0.196205742	0.377962754	161
9824	8721	0.112276059	0.376322713	162
9771	0	1	0.380148954	163
9760	7742	0.206762295	0.379091718	164
9750	4832	0.504410256	0.379851224	165
9748	0	1	0.38358706	166
9736	6713	0.310497124	0.383149396	167
9729	8332	0.143591325	0.381723455	168
9720	7683	0.209567901	0.380704783	169
9700	5697	0.412680412	0.380892875	170
9680	7437	0.231714876	0.380020489	171
9668	9240	0.044269756	0.37806845	172
9620	3378	0.648856549	0.379633699	173
9614	4882	0.492198877	0.380280625	174
9586	4202	0.56165241	0.381317036	175
9579	3838	0.599331872	0.382555756	176
9577	0	1	0.386044142	177
9567	5856	0.387895892	0.386054545	178
9435	3745	0.603073662	0.387266942	179
9430	0	1	0.390671015	180
9426	0	1	0.394037473	181
9417	2029	0.7845386	0.396183084	182
9384	3891	0.585358056	0.397216827	183
9382	8506	0.093370284	0.395565487	184
9374	7967	0.15009601	0.394238625	185
9369	5166	0.448607109	0.394530929	186
9368	0	1	0.397768731	187
9349	7273	0.222055835	0.396834088	188
9333	0	1	0.400025442	189
9329	7979	0.144710044	0.398681677	190
9313	3486	0.625684527	0.399870173	191
9300	7381	0.206344086	0.398862225	192
9247	0	1	0.401976929	193
9246	6452	0.302184729	0.401462536	194
9190	0	1	0.404531959	195
9170	2205	0.759541985	0.406343234	196
9131	5040	0.448034169	0.406554863	197
9072	3823	0.578593474	0.407423745	198
9039	0	1	0.410401515	199
9006	4484	0.502109705	0.410860056	200
9002	4298	0.522550544	0.41141573	201
8980	8705	0.030623608	0.409530621	202
8963	0	1	0.412439337	203
8963	7864	0.122615196	0.41101863	204
8943	8609	0.037347646	0.409195845	205
8939	0	1	0.412063827	206
8936	0	1	0.414904098	207
8897	0	1	0.417717059	208
8849	0	1	0.420503102	209
8805	0	1	0.423262611	210
8798	5737	0.347919982	0.422905537	211
8793	7952	0.095644262	0.421361851	212
8781	6607	0.247580002	0.420545974	213
8768	5419	0.381957117	0.420365652	214
8749	7872	0.100240027	0.418876696	215
8711	0	1	0.421567082	216
8710	6560	0.24684271	0.4207619	217
8702	8527	0.020110319	0.418924049	218
8700	7172	0.175632184	0.417813127	219
8682	6311	0.273093757	0.417155312	220
8665	6659	0.231506059	0.41631527	221
8631	6803	0.211794694	0.415394006	222
8625	0	1	0.418015558	223
8617	6467	0.249506789	0.417263286	224
8592	2517	0.707053073	0.418551241	225
8575	1920	0.776093294	0.420133286	226
8551	3585	0.580750789	0.420840852	227
8544	0	1	0.423381023	228
8506	0	1	0.42589901	229
8503	6689	0.213336469	0.424974825	230
8494	0	1	0.427464112	231
8488	6275	0.260721018	0.426745391	232
8483	0	1	0.429205712	233
8468	7691	0.091757204	0.427763624	234
8454	0	1	0.430198672	235
8439	5945	0.295532646	0.429628054	236
8298	4918	0.407327067	0.429533957	237
8276	3980	0.519091348	0.429910248	238
8228	4182	0.491735537	0.430168931	239
8219	2924	0.644238959	0.43106089	240
8203	0	1	0.433421633	241
8202	2998	0.634479395	0.43425245	242
8111	0	1	0.436580629	243
8063	5990	0.257100335	0.435845055	244
8061	2545	0.684282347	0.436859084	245
8054	7966	0.010926248	0.43512765	246
8049	0	1	0.437414583	247
8028	0	1	0.439683072	248
7984	5405	0.323021042	0.43921455	249
7978	0	1	0.441457692	250
7971	4754	0.403588007	0.441306817	251
7960	0	1	0.443523853	252
7957	7850	0.013447279	0.441823946	253
7944	0	1	0.444021489	254
7942	4209	0.470032737	0.444123494	255
7942	7056	0.111558801	0.442824413	256
7932	6250	0.212052446	0.441926468	257
7922	4465	0.436379702	0.441904969	258
7914	4458	0.436694466	0.441884851	259
7906	7639	0.033771819	0.440315185	260
7884	7269	0.078006088	0.438927028	261
7837	0	1	0.441068528	262
7806	4240	0.456828081	0.44112845	263
7798	7412	0.049499872	0.439645008	264
7730	4574	0.408279431	0.439526648	265
7730	6198	0.198188875	0.438619363	266
7716	6833	0.114437532	0.437405199	267
7692	0	1	0.439504433	268
7688	2279	0.703563996	0.440486067	269
7687	5836	0.240796149	0.439746475	270
7682	0	1	0.441813831	271
7672	0	1	0.443865986	272
7661	0	1	0.445903107	273
7639	0	1	0.447925358	274
7638	5146	0.32626342	0.447482951	275
7637	5398	0.293177949	0.446923875	276
7635	5483	0.281859856	0.446327976	277
7630	6347	0.168152031	0.445327343	278
7605	6287	0.173307035	0.44435236	279
7603	7316	0.037748257	0.442900203	280
7600	0	1	0.444882764	281
7589	4150	0.453155884	0.444912102	282
7584	0	1	0.446873543	283
7574	7149	0.056113018	0.445497626	284
7540	1749	0.768037135	0.446629343	285
7529	6565	0.128038252	0.445515388	286
7524	4555	0.394603934	0.445337996	287
7505	0	1	0.447263906	288
7489	0	1	0.449176488	289
7484	4027	0.46191876	0.449220427	290
7479	5665	0.242545795	0.448510205	291
7456	2966	0.602199571	0.449036538	292
7435	3571	0.519704102	0.449277724	293
7435	4137	0.443577673	0.449258336	294
7424	3699	0.501751078	0.449436278	295
7422	0	1	0.45129629	296
7402	7348	0.007295326	0.449801338	297
7388	4163	0.436518679	0.449756765	298
7379	5635	0.236346388	0.449043018	299
7366	5642	0.23404833	0.448326369	300
7357	3386	0.539758054	0.448630129	301
7344	0	1	0.450455857	302
7323	0	1	0.452269534	303
7321	0	1	0.454071279	304
7319	6732	0.080202213	0.452845479	305
7319	5231	0.285284875	0.452297895	306
7317	3943	0.461117945	0.452326625	307
7309	1860	0.745519223	0.453278549	308
7285	0	1	0.455047874	309
7282	2725	0.625789618	0.455598654	310
7272	0	1	0.45734914	311
7242	0	1	0.459088406	312
7236	0	1	0.460816558	313
7233	0	1	0.462533703	314
7222	2293	0.682497923	0.463232002	315
7216	0	1	0.464930635	316
7214	0	1	0.466618551	317
7198	5797	0.194637399	0.465763264	318
7195	0	1	0.467437987	319
7194	6160	0.143730887	0.466426403	320
7194	6432	0.105921601	0.465303335	321
7160	1683	0.764944134	0.466233896	322
7157	0	1	0.467886423	323
7144	4789	0.329647256	0.467459759	324
7110	0	1	0.469098344	325
7101	4285	0.396563864	0.468875846	326
7082	3955	0.441541937	0.468792256	327
7074	5922	0.162849873	0.467859505	328
7069	1599	0.773801103	0.468789418	329
7067	1711	0.757888779	0.469665477	330
7054	3421	0.515026935	0.469802521	331
7033	3180	0.547845869	0.470037591	332
7032	5768	0.179749716	0.469165856	333
7031	6674	0.050775139	0.467913189	334
7018	0	1	0.469501508	335
7017	3962	0.435371241	0.469399929	336
6975	1815	0.739784946	0.470202259	337
6972	2898	0.584337349	0.470539937	338
6967	2133	0.6938424	0.471198646	339
6960	3348	0.518965517	0.471339137	340
6942	1634	0.764621147	0.472199201	341
6931	3708	0.465012264	0.472178187	342
6925	3753	0.458050542	0.472136998	343
6914	6307	0.087792884	0.471019719	344
6895	0	1	0.472552995	345
6877	4706	0.315689981	0.472099634	346
6877	0	1	0.473620961	347
6858	5080	0.259259259	0.473004979	348
6854	0	1	0.474514993	349
6846	0	1	0.476016379	350
6803	0	1	0.47750921	351
6763	6601	0.023953867	0.4762207	352
6763	3195	0.527576519	0.476366184	353
6754	3737	0.446698253	0.476282376	354
6742	1956	0.709878374	0.476940393	355
6723	0	1	0.478409662	356
6723	0	1	0.479870699	357
6715	6130	0.087118392	0.478773626	358
6707	0	1	0.48022551	359
6703	0	1	0.481669328	360
6694	6603	0.013594264	0.480372721	361
6680	0	1	0.481808155	362
6668	3233	0.515146971	0.481899998	363
6666	3152	0.527152715	0.482024318	364
6661	5477	0.177751088	0.481190693	365
6625	4926	0.25645283	0.480576655	366
6620	0	1	0.481991978	367
6613	0	1	0.483399608	368
6603	1936	0.706799939	0.484005029	369
6597	0	1	0.48539961	370
6580	0	1	0.486786673	371
6578	5707	0.132411067	0.485834051	372
6563	1665	0.746305043	0.486532364	373
6559	0	1	0.487905272	374
6536	0	1	0.489270858	375
6522	0	1	0.490629181	376
6516	6424	0.014119091	0.489365228	377
6508	4624	0.289489859	0.488836457	378
6501	0	1	0.490185174	379
6489	1576	0.757127446	0.490887653	380
6458	5751	0.109476618	0.489886575	381
6453	2668	0.586548892	0.490139617	382
6447	0	1	0.491470845	383
6437	0	1	0.49279514	384
6428	1757	0.726664592	0.493402593	385
6410	4538	0.292043682	0.492880938	386
6410	6376	0.005304212	0.49162105	387
6401	4899	0.234650836	0.490958755	388
6384	0	1	0.492267345	389
6368	0	1	0.493569223	390
6366	2986	0.530945649	0.493664815	391
6362	3568	0.439170072	0.493525798	392
6356	5031	0.208464443	0.492800451	393
6348	0	1	0.49408776	394
6326	4355	0.311571293	0.493625693	395
6308	0	1	0.494904416	396
6277	3293	0.475386331	0.494855252	397
6253	2614	0.581960659	0.495074109	398
6248	0	1	0.496339588	399
6240	0	1	0.497598739	400
6235	0	1	0.49885161	401
6232	0	1	0.500098248	402
6230	0	1	0.501338699	403
6225	0	1	0.502573009	404
6215	5206	0.162349155	0.50173295	405
6213	0	1	0.502960209	406
6210	0	1	0.504181437	407
6194	0	1	0.505396678	408
6191	4545	0.265869811	0.504811038	409
6191	3066	0.504764981	0.504810926	410
6174	4216	0.317136378	0.504354297	411
6149	0	1	0.50555732	412
6142	0	1	0.506754518	413
6126	2814	0.540646425	0.506836382	414
6123	0	1	0.508024728	415
6116	0	1	0.509207361	416
6116	2867	0.531229562	0.509260172	417
6101	4042	0.337485658	0.508849229	418
6096	0	1	0.510021426	419
6081	4145	0.318368689	0.50956511	420
6080	1742	0.713486842	0.510049485	421
6068	4200	0.30784443	0.509570326	422
6064	6041	0.003792876	0.508374634	423
6063	0	1	0.509534128	424
6051	0	1	0.510688166	425
6045	3338	0.447808106	0.51054056	426
6043	0	1	0.511686835	427
6042	2735	0.547335319	0.511770126	428
6041	3236	0.464327098	0.511659536	429
6040	3996	0.338410596	0.511256631	430
6033	0	1	0.512390607	431
6030	5690	0.056384743	0.511335038	432
6025	3598	0.402821577	0.511084429	433
6015	0	1	0.512210963	434
6010	5819	0.031780366	0.511106525	435
5997	4869	0.188094047	0.51036567	436
5995	5234	0.126939116	0.509488264	437
5992	0	1	0.510608154	438
5991	3571	0.403939242	0.510365172	439
5982	2669	0.553828151	0.510463952	440
5982	2670	0.553660983	0.510561904	441
5978	2035	0.659585146	0.510899061	442
5978	0	1	0.512003126	443
5978	0	1	0.513102218	444
5978	0	1	0.51419637	445
5975	0	1	0.515285616	446
5968	3276	0.451072386	0.515141963	447
5967	5565	0.067370538	0.514142473	448
5955	2357	0.604198153	0.514343042	449
5948	4848	0.184936113	0.513611027	450
5943	0	1	0.514689495	451
5943	4973	0.16321723	0.513911901	452
5936	4840	0.184636119	0.513185023	453
5935	2796	0.528896377	0.513219629	454
5921	0	1	0.514289476	455
5920	4481	0.243074324	0.513694706	456
5919	0	1	0.514758832	457
5907	0	1	0.51581831	458
5878	0	1	0.516873172	459
5874	4178	0.288729997	0.516377209	460
5864	5455	0.069747613	0.515408381	461
5862	0	1	0.516457281	462
5858	2222	0.620689655	0.516682405	463
5851	0	1	0.517724037	464
5850	5147	0.12017094	0.516869085	465
5850	2317	0.603931624	0.517055914	466
5833	0	1	0.518090056	467
5832	0	1	0.519119778	468
5830	5299	0.091080617	0.518207114	469
5825	3838	0.34111588	0.517830324	470
5821	0	1	0.518854039	471
5815	2241	0.614617369	0.519056928	472
5809	4949	0.148046135	0.51827255	473
5807	1911	0.670914414	0.518594579	474
5805	3908	0.326787252	0.518190774	475
5804	0	1	0.519202978	476
5803	0	1	0.520210938	477
5803	0	1	0.521214681	478
5800	5199	0.10362069	0.520342877	479
5799	0	1	0.521342163	480
5798	5600	0.034149707	0.520329289	481
5798	3379	0.417212832	0.520115354	482
5791	4740	0.181488517	0.519414264	483
5789	4948	0.145275523	0.51864125	484
5786	0	1	0.519633742	485
5780	0	1	0.52062215	486
5777	4039	0.300848191	0.520170869	487
5777	0	1	0.521154125	488
5762	2434	0.57757723	0.52126951	489
5760	4726	0.179513889	0.520572049	490
5736	2055	0.641736402	0.52081882	491
5729	0	1	0.521792765	492
5725	5447	0.048558952	0.520832859	493
5724	0	1	0.521802833	494
5721	5710	0.001922741	0.52075257	495
5715	0	1	0.521718795	496
5712	0	1	0.522681131	497
5709	4043	0.291819933	0.522217555	498
5708	0	1	0.523175034	499
5704	3088	0.458625526	0.523045935	500
5700	4507	0.209298246	0.522419693	501
5699	5501	0.034742937	0.521448225	502
5699	0	1	0.52239962	503
5676	0	1	0.52334724	504
5672	0	1	0.524291107	505
5659	4015	0.290510691	0.52382909	506
5655	0	1	0.524768283	507
5652	0	1	0.525703779	508
5648	3533	0.374468839	0.525406657	509
5636	0	1	0.526337232	510
5633	2175	0.613882478	0.526508554	511
5632	0	1	0.527433342	512
5632	2452	0.564630682	0.527505851	513
5621	3942	0.298701299	0.527060706	514
5619	0	1	0.527979035	515
5618	0	1	0.528893804	516
5607	4018	0.283395755	0.528418953	517
5594	0	1	0.529329341	518
5591	5213	0.067608657	0.528439706	519
5576	0	1	0.529346553	520
5572	0	1	0.530249918	521
5563	0	1	0.531149822	522
5558	1874	0.662828356	0.531401598	523
5554	5072	0.0867843	0.530553092	524
5548	0	1	0.531447276	525
5546	0	1	0.532338061	526
5546	0	1	0.533225465	527
5542	0	1	0.534109508	528
5534	0	1	0.534990208	529
5534	5418	0.02096133	0.534020342	530
5525	0	1	0.534897893	531
5509	0	1	0.535772145	532
5491	4450	0.189582954	0.535122635	533
5487	2938	0.464552579	0.534990481	534
5483	1674	0.694692686	0.53528899	535
5478	0	1	0.536155988	536
5477	4582	0.163410626	0.535461862	537
5468	5051	0.076261887	0.534608331	538
5468	0	1	0.535471766	539
5463	0	1	0.536332004	540
5462	0	1	0.537189061	541
5461	0	1	0.538042956	542
5456	3762	0.310483871	0.537623878	543
5452	1768	0.675715334	0.537877723	544
5442	0	1	0.538725654	545
5439	0	1	0.539570478	546
5426	3541	0.347401401	0.539219164	547
5423	0	1	0.540060005	548
5414	0	1	0.540897783	549
5414	4702	0.131510898	0.540153443	550
5413	0	1	0.54098801	551
5406	4994	0.076211617	0.540146024	552
5396	2817	0.477946627	0.540033548	553
5385	0	1	0.540863812	554
5379	0	1	0.541691084	555
5375	0	1	0.542515381	556
5368	0	1	0.543336718	557
5366	1939	0.638650764	0.543507531	558
5363	4860	0.093790789	0.542703029	559
5359	0	1	0.543519631	560
5357	0	1	0.544333321	561
5350	3871	0.276448598	0.543856658	562
5347	4029	0.246493361	0.543328482	563
5345	3861	0.277642657	0.542857408	564
5326	2044	0.616222306	0.542987257	565
5326	0	1	0.5437947	566
5317	0	1	0.544599295	567
5314	4248	0.200602183	0.543993666	568
5305	4169	0.214137606	0.543413954	569
5289	0	1	0.544214983	570
5285	0	1	0.545013205	571
5283	0	1	0.545808636	572
5283	1911	0.638273708	0.545970007	573
5282	0	1	0.546761	574
5269	4527	0.140823686	0.546055022	575
5265	0	1	0.546843121	576
5265	3919	0.255650522	0.546338454	577
5263	0	1	0.547123336	578
5244	0	1	0.547905506	579
5244	0	1	0.548684979	580
5243	2652	0.49418272	0.548591172	581
5242	0	1	0.549366788	582
5237	0	1	0.550139744	583
5236	0	1	0.550910053	584
5231	0	1	0.551677728	585
5227	2046	0.608570882	0.551774815	586
5224	0	1	0.552538401	587
5218	0	1	0.55329939	588
5216	4591	0.11982362	0.552563438	589
5215	0	1	0.553321805	590
5214	0	1	0.554077606	591
5211	3365	0.354250624	0.55374006	592
5210	0	1	0.554492607	593
5209	3831	0.264542139	0.554004475	594
5206	0	1	0.554754047	595
5203	3508	0.325773592	0.554369852	596
5202	0	1	0.555116301	597
5198	0	1	0.555860253	598
5195	4278	0.176515881	0.555226957	599
5194	1939	0.626684636	0.555346053	600
5193	4871	0.062006547	0.554525189	601
5193	0	1	0.55526518	602
5184	0	1	0.556002717	603
5176	4599	0.111476043	0.555266746	604
5168	0	1	0.556001842	605
5159	0	1	0.556734513	606
5158	3154	0.388522683	0.556457393	607
5158	4945	0.041295076	0.555610086	608
5153	2414	0.531535028	0.555570554	609
5148	3119	0.394133644	0.555305903	610
5147	4906	0.046823392	0.55447369	611
5143	3642	0.291853004	0.554044571	612
5142	1994	0.612213147	0.554139463	613
5139	3799	0.260751119	0.553661631	614
5132	0	1	0.554387385	615
5132	4250	0.171862822	0.553766404	616
5130	0	1	0.554489635	617
5130	4247	0.172124756	0.553870921	618
5122	0	1	0.554591647	619
5115	1860	0.636363636	0.554723537	620
5111	0	1	0.555440568	621
5103	0	1	0.556155294	622
5100	0	1	0.556867725	623
5098	2511	0.507453903	0.556788537	624
5096	2469	0.515502355	0.556722479	625
5078	0	1	0.55743059	626
5077	3781	0.25526886	0.556948673	627
5074	0	1	0.557654169	628
5070	4581	0.096449704	0.556920934	629
5067	0	1	0.557624235	630
5067	4082	0.194395106	0.557048594	631
5059	0	1	0.557749467	632
5056	0	1	0.558448125	633
5056	3958	0.217167722	0.557909827	634
5045	4375	0.132804757	0.557240371	635
5035	0	1	0.557936534	636
5034	3950	0.215335717	0.557398699	637
5027	3165	0.370399841	0.557105597	638
5023	0	1	0.557798703	639
5017	0	1	0.558489642	640
5016	0	1	0.559178426	641
5011	0	1	0.559865064	642
5002	3251	0.350059976	0.559538773	643
4992	2839	0.431290064	0.559339629	644
4983	0	1	0.560022823	645
4974	1941	0.609770808	0.560099832	646
4974	4089	0.177925211	0.559509145	647
4968	0	1	0.560188915	648
4955	0	1	0.56086659	649
4946	0	1	0.56154218	650
4946	0	1	0.562215694	651
4944	0	1	0.562887143	652
4944	0	1	0.563556534	653
4939	3489	0.293581697	0.563143729	654
4933	3292	0.332657612	0.562791842	655
4928	3829	0.223011364	0.562273884	656
4926	0	1	0.562940133	657
4922	3955	0.196464852	0.56238318	658
4916	0	1	0.563047242	659
4914	3909	0.204517705	0.562504015	660
4913	2665	0.457561571	0.562345252	661
4912	0	1	0.563006362	662
4898	0	1	0.563665478	663
4898	0	1	0.564322608	664
4898	0	1	0.564977762	665
4873	4639	0.0480197	0.564201549	666
4870	0	1	0.56485492	667
4869	0	1	0.565506335	668
4866	0	1	0.566155802	669
4865	0	1	0.566803331	670
4863	0	1	0.567448929	671
4861	0	1	0.568092606	672
4860	2603	0.464403292	0.567938536	673
4852	3828	0.211046991	0.567409023	674
4850	0	1	0.568049899	675
4848	0	1	0.568688878	676
4841	0	1	0.56932597	677
4839	2205	0.54432734	0.569289099	678
4837	0	1	0.56992343	679
4836	0	1	0.570555896	680
4836	4795	0.008478081	0.569730524	681
4833	0	1	0.570361418	682
4828	3329	0.31048053	0.569980919	683
4820	0	1	0.570609602	684
4820	3487	0.276556017	0.570180327	685
4812	4401	0.085411471	0.569473666	686
4801	2902	0.395542595	0.569220492	687
4796	3431	0.284612177	0.568806817	688
4790	0	1	0.569432641	689
4786	3306	0.30923527	0.569055544	690
4783	4210	0.119799289	0.56840539	691
4774	3033	0.364683703	0.568110995	692
4773	0	1	0.568734211	693
4768	0	1	0.569355631	694
4767	0	1	0.569975264	695
4767	0	1	0.570593115	696
4757	0	1	0.571209194	697
4753	1937	0.592467915	0.571239651	698
4752	4160	0.124579125	0.570600651	699
4751	0	1	0.571214079	700
4748	4692	0.01179444	0.570416048	701
4745	4014	0.154056902	0.569822944	702
4744	4113	0.133010118	0.569201589	703
4738	0	1	0.569813518	704
4737	0	1	0.570423712	705
4736	0	1	0.571032177	706
4735	4243	0.103907075	0.570371462	707
4732	0	1	0.570978282	708
4729	0	1	0.57158339	709
4728	0	1	0.572186794	710
4728	4688	0.008460237	0.57139393	711
4727	0	1	0.571995905	712
4725	0	1	0.572596191	713
4714	3662	0.22316504	0.572106791	714
4707	3357	0.286806883	0.571707771	715
4703	0	1	0.572305944	716
4694	0	1	0.572902449	717
4688	3864	0.175767918	0.572349337	718
4678	2161	0.538050449	0.572301633	719
4675	4348	0.069946524	0.571603918	720
4666	0	1	0.572198087	721
4666	2516	0.460780111	0.572043769	722
4657	3833	0.176937943	0.571497288	723
4656	4254	0.086340206	0.570827181	724
4655	3623	0.2216971	0.570345622	725
4655	3488	0.250698174	0.569905337	726
4654	0	1	0.570496939	727
4651	0	1	0.571086915	728
4650	0	1	0.571675274	729
4644	0	1	0.57226202	730
4642	0	1	0.572847161	731
4641	0	1	0.573430703	732
4636	1925	0.584771355	0.573446174	733
4629	2242	0.51566213	0.573367449	734
4626	0	1	0.573947902	735
4624	0	1	0.574526777	736
4622	2588	0.440069234	0.574344338	737
4622	4602	0.004327131	0.573571957	738
4620	4581	0.008441558	0.572807234	739
4619	0	1	0.573384521	740
4617	0	1	0.573960251	741
4614	3560	0.228435197	0.573494584	742
4609	0	1	0.574068615	743
4607	3964	0.139570219	0.573484612	744
4604	3956	0.140747176	0.572903756	745
4602	2671	0.419600174	0.572698255	746
4601	4553	0.010432515	0.571945557	747
4600	4301	0.065	0.571267822	748
4587	4344	0.052975801	0.570575844	749
4586	0	1	0.571148409	750
4573	2720	0.405204461	0.570927445	751
4570	0	1	0.57149802	752
4569	0	1	0.57206708	753
4555	0	1	0.57263463	754
4548	0	1	0.573200677	755
4541	0	1	0.573765227	756
4539	0	1	0.574328284	757
4536	0	1	0.574889857	758
4534	0	1	0.575449949	759
4528	0	1	0.576008568	760
4521	0	1	0.576565718	761
4518	0	1	0.577121406	762
4515	0	1	0.577675637	763
4512	3336	0.260638298	0.577260667	764
4512	0	1	0.577813268	765
4511	0	1	0.578364425	766
4507	0	1	0.578914146	767
4502	2012	0.553087517	0.578880517	768
4502	0	1	0.579428137	769
4499	0	1	0.579974334	770
4497	2632	0.414720925	0.579759998	771
4495	0	1	0.58030435	772
4495	3192	0.289877642	0.579928636	773
4491	2057	0.541972835	0.579879598	774
4490	0	1	0.580421688	775
4489	0	1	0.580962382	776
4484	0	1	0.581501684	777
4471	3547	0.206665176	0.581019889	778
4470	0	1	0.581557733	779
4466	4002	0.103896104	0.580945346	780
4464	3426	0.232526882	0.580499228	781
4463	0	1	0.581035674	782
4459	0	1	0.581570749	783
4458	1533	0.656123822	0.581665843	784
4457	0	1	0.582198752	785
4456	3726	0.163824057	0.581666469	786
4455	0	1	0.582198024	787
4455	0	1	0.582728229	788
4452	0	1	0.583257091	789
4452	3563	0.199685535	0.582771557	790
4451	2000	0.550662772	0.582730964	791
4450	0	1	0.583257819	792
4449	3542	0.203866037	0.582779393	793
4445	2499	0.437795276	0.582596794	794
4443	0	1	0.583121829	795
4438	4028	0.092383957	0.582505324	796
4431	0	1	0.583029157	797
4429	0	1	0.583551677	798
4418	2715	0.385468538	0.583303763	799
4416	0	1	0.583824633	800
4416	0	1	0.584344203	801
4412	0	1	0.584862477	802
4410	3292	0.253514739	0.58444984	803
4410	0	1	0.584966693	804
4410	0	1	0.585482263	805
4385	0	1	0.585996553	806
4379	0	1	0.586509568	807
4379	0	1	0.587021314	808
4378	0	1	0.587531794	809
4378	0	1	0.588041014	810
4377	0	1	0.588548978	811
4375	0	1	0.589055691	812
4373	0	1	0.589561158	813
4364	0	1	0.590065383	814
4360	3658	0.161009174	0.589538933	815
4358	0	1	0.590041949	816
4343	3383	0.22104536	0.589590301	817
4342	3648	0.159834178	0.589064927	818
4340	0	1	0.589566679	819
4339	0	1	0.590067208	820
4336	0	1	0.590566517	821
4334	3341	0.229118597	0.590126799	822
4334	0	1	0.590624822	823
4333	0	1	0.591121637	824
4333	2628	0.393491807	0.590882086	825
4332	0	1	0.591377386	826
4330	4137	0.044572748	0.590716195	827
4330	0	1	0.591210499	828
4330	0	1	0.591703611	829
4330	3817	0.118475751	0.591133457	830
4328	0	1	0.591625474	831
4322	0	1	0.592116309	832
4317	0	1	0.592605965	833
4314	4126	0.043579045	0.59194766	834
4313	0	1	0.592436345	835
4313	0	1	0.592923861	836
4312	3392	0.213358071	0.592470378	837
4311	1769	0.589654373	0.592467017	838
4309	4112	0.045718264	0.59181535	839
4305	0	1	0.592301284	840
4303	4063	0.055775041	0.591663322	841
4297	2125	0.505468932	0.591560953	842
4294	0	1	0.59204546	843
4292	0	1	0.592528818	844
4291	0	1	0.593011033	845
4291	0	1	0.593492107	846
4288	0	1	0.593972046	847
4286	0	1	0.594450852	848
4283	0	1	0.594928531	849
4282	0	1	0.595405086	850
4269	0	1	0.59588052	851
4264	0	1	0.596354839	852
4262	0	1	0.596828045	853
4258	0	1	0.597300144	854
4257	0	1	0.597771138	855
4249	0	1	0.598241031	856
4242	3111	0.266619519	0.597854075	857
4242	0	1	0.598322777	858
4240	0	1	0.598790387	859
4240	0	1	0.59925691	860
4239	0	1	0.599722349	861
4237	0	1	0.600186708	862
4236	0	1	0.600649991	863
4234	3789	0.105101559	0.60007644	864
4229	0	1	0.600538779	865
4229	0	1	0.601000051	866
4220	0	1	0.601460258	867
4210	0	1	0.601919405	868
4210	3889	0.076247031	0.601314489	869
4202	0	1	0.601772748	870
4194	2548	0.392465427	0.601532441	871
4183	2915	0.303131724	0.601190239	872
4172	0	1	0.601647065	873
4171	0	1	0.602102847	874
4168	0	1	0.602557586	875
4161	2715	0.347512617	0.602266439	876
4148	3610	0.129701061	0.601727596	877
4143	0	1	0.602181209	878
4142	2606	0.370835345	0.601918017	879
4138	0	1	0.602370383	880
4132	4008	0.030009681	0.601720711	881
4130	0	1	0.602172275	882
4128	3905	0.054021318	0.601551493	883
4127	4124	0.00072692	0.600871827	884
4095	0	1	0.601322819	885
4012	0	1	0.601772793	886
3985	0	1	0.602221753	887
3967	0	1	0.602669702	888
3964	2668	0.326942482	0.602359547	889
3956	1690	0.572800809	0.602326335	890
3948	0	1	0.602772658	891
3943	0	1	0.60321798	892
3935	2200	0.440914867	0.60303623	893
3904	0	1	0.603480261	894
3882	0	1	0.6039233	895
3881	1641	0.577170832	0.603893442	896
3872	0	1	0.604335032	897
3869	0	1	0.604775639	898
3867	2901	0.249806051	0.60438079	899
3850	2586	0.328311688	0.604074046	900