4500 4 6 0.961538 0.04807692307692309 0.0055878378665693545 0.028451901441209685
4500 5 6 1.53846 0.0532938710021193 0.008055125662738099 0.030071133766721814
4500 6 6 0.320513 0.022889193681227063 0.001773044134968905 0.012662067790528109
4500 7 6 0.549451 0.02747252747252745 0.002430269997328918 0.012844753075169666
4500 8 6 0.721154 0.029145085704284007 0.004158080818673996 0.017649440932513114
4500 9 6 0.641026 0.025906742848252434 0.0035370244781144132 0.014805415672517865
4500 10 6 0.384615 0.01923076923076923 0.0018605036614039855 0.009454973177007128
4500 11 6 0.34965 0.01748251748251748 0.0018773318140045125 0.009399872970310095
4500 12 6 0.480769 0.019430057136189314 0.0028715518525964444 0.011666093205755982
4500 13 6 0.591716 0.0204976426931228 0.003407385007963316 0.011947742883821146
4500 15 6 0.25641 0.012820512820512824 0.0011262339816634748 0.005808699268497634
4500 16 6 0.600962 0.01842513187110085 0.0033510387380451404 0.010549880413960957
4500 17 6 0.904977 0.02122360072318294 0.004985145541346347 0.011777315290207343
4500 18 6 0.854701 0.02004451179411722 0.004054866161984403 0.00983676652952422
4500 19 6 1.82186 0.02503910298958093 0.00900446256823054 0.012817580419399222
4500 20 6 1.63462 0.023454444072404743 0.008526716309376427 0.012657894326267701
4500 21 6 1.73993 0.024759168195230354 0.008783455917763765 0.012549002096197574
4500 22 6 1.74825 0.023842974994730513 0.009063368423716781 0.012362943302406287
4500 23 6 1.58863 0.02416084159999982 0.008568700009247717 0.013365847849856293
4500 24 6 1.76282 0.023607243369641408 0.009464024673546864 0.01273306278180556
4500 25 6 1.84615 0.024129826371320183 0.00989631859652214 0.013355155932846042
4500 26 6 1.77515 0.023201756126269412 0.009623325548309018 0.013077650879674036
4500 27 6 1.9943 0.022342431825296463 0.010679521191923964 0.012633581576698362
4500 28 6 1.92308 0.02154448783153588 0.010295713072570755 0.012222382863548497
4500 29 6 1.85676 0.020801574458034648 0.009971400665803952 0.011903214237042234
4500 30 6 1.66667 0.020149017494232955 0.009186500836040005 0.011946605907770646
4500 31 6 1.98511 0.023800652721154933 0.010779368150079925 0.013999850775368384
4500 32 6 2.04327 0.022836538461538464 0.010973612600958187 0.01340344009565007
4500 33 6 1.8648 0.022358188919872818 0.010475120373501394 0.013420669329028946
4500 34 6 2.0362 0.019593334927249746 0.011115936175601955 0.01131857297468502
4500 35 6 2.08791 0.021784865496262646 0.011503521212707321 0.012570082816193356
4500 36 6 2.19017 0.022018657954620664 0.012029239239441266 0.012467494631691061
4500 37 6 2.2869 0.023336740458049537 0.012471085175672773 0.013202090335397411
4500 38 6 2.27733 0.02066240451679514 0.012644396382142289 0.01234671288067897
4500 39 6 2.41617 0.02037271031569388 0.013349926347077172 0.01240089829088403
4500 40 6 2.21154 0.018768482015329938 0.012281239502297845 0.01145050660572865
4500 41 6 2.53283 0.017872944543393665 0.013983198487390307 0.010765891276152349
4500 42 6 2.28938 0.01806143124845789 0.01283735041082005 0.011138603313984296
4500 43 6 2.28086 0.019611817485939806 0.013158298624001887 0.011931355756610288
4500 44 6 2.31643 0.018099894441301275 0.013371506940356437 0.011421044609248582
4500 45 6 2.17949 0.01600711179515217 0.012883153752538918 0.010543637931015995
4500 46 6 2.38294 0.017712140605614435 0.0137717857427411 0.011269620301171637
4500 47 6 2.49591 0.016544653534497324 0.014294419602354176 0.01088536234830426
4500 48 6 2.40385 0.0184468981301624 0.013843058409133992 0.011579280493933359
4500 49 6 2.39403 0.017317434437135168 0.01384250555512497 0.011190626690805226
4500 50 6 2.19231 0.018085104531551918 0.012895705277653362 0.011535879826933354
4500 51 6 2.30015 0.01707691082085106 0.013507616340118713 0.010766292113199096
4500 52 6 2.58876 0.017643284677332196 0.014939885492028876 0.011040936821819067
4500 53 6 2.43106 0.019346803318967026 0.014337177419337824 0.01205059474342617
4500 54 6 2.42165 0.01799049991497876 0.014286882327899156 0.011262897003234658
4500 55 6 2.51748 0.01823553120336405 0.015031538188711833 0.011916147526687536
4500 56 6 2.50687 0.019264467139774376 0.015146489542263107 0.012551962831674264
4500 57 6 2.63158 0.019001522051725672 0.01589063191631324 0.012444955669354357
4500 58 6 2.65252 0.01955952414290799 0.016039874940326375 0.012819142070718749
4500 59 6 2.64016 0.019499590627309025 0.016027903226919805 0.012915369636719892
4500 60 6 2.66026 0.017980169330456094 0.01610588350375449 0.01202443504196451
4500 61 6 2.71122 0.016977190438633376 0.01633662936839074 0.011534143418249912
4500 62 6 2.66749 0.01670336478639734 0.01618401733960427 0.011277315852275125
4500 63 6 2.50305 0.01567215830646329 0.015254170457507505 0.01080459286991067
4500 64 6 2.43389 0.016619058664693313 0.014852071760003381 0.011039364598720564
4500 65 6 2.60355 0.016398114154498246 0.015490965448969782 0.010392762020060961
4500 66 6 2.62238 0.016306606736169255 0.015582059297936561 0.01027542522215577
4500 67 6 2.55454 0.016900469690029313 0.015247663438018635 0.010389108567743744
4500 68 6 2.63009 0.01665193337105829 0.01568501173935405 0.010453558820433608
4500 69 6 2.64771 0.018358719682691697 0.01579121516351002 0.011537346670224173
4500 70 6 2.69231 0.018297610775106277 0.016048261334340282 0.011472713063365187
4500 71 6 2.76273 0.019129407998926956 0.01641543518881925 0.011791935953348261
4500 72 6 2.88462 0.01998748604045909 0.017136236714988724 0.01222594552819829
4500 73 6 2.8451 0.020608648277774446 0.017048317742878585 0.012590807993405144
4500 74 6 3.04054 0.020335135300924775 0.018084278515400704 0.012669405327516162
4500 75 6 3.05128 0.018917100021971882 0.01816680921820513 0.012040044737223664
4500 76 6 2.98583 0.018628706800916963 0.017895127557297878 0.011972582183684877
4500 77 6 3.22178 0.018801068750140742 0.019035746522170528 0.01185395687184092
4500 78 6 3.08185 0.019679128257206486 0.018451400371459373 0.012162623514973455
4500 79 6 3.11587 0.018818060457729 0.018663151987159152 0.011760027898426706
4500 80 6 3.22115 0.01904355992340227 0.019257805724777814 0.01191244694430481
4500 81 6 3.22887 0.018304212029816126 0.019206182245522195 0.01143883869153111
4500 82 6 3.2364 0.01850789836486759 0.019341788728525527 0.011540154354025438
4500 83 6 3.29008 0.018771667377691464 0.01966791523551587 0.011605646522816721
4500 84 6 3.36538 0.018927211265860406 0.0201653475492648 0.011874024474083656
4500 85 6 3.50679 0.01895463177061673 0.020873379038162495 0.01182386610020962
4500 86 6 3.42129 0.017870909816251487 0.020505843219720907 0.011243826010589283
4500 87 6 3.35986 0.018291919421376833 0.020279845119275646 0.011500065138446236
4500 88 6 3.40909 0.01930017671837379 0.02051811280065529 0.011720895123615424
4500 89 6 3.47882 0.017936916015221804 0.020938693638093926 0.011281497281628776
4500 90 6 3.46154 0.017790306236323637 0.020915105909066072 0.011283672508195649
4500 91 6 3.38123 0.017487879007250382 0.0205332537961974 0.011165013709267202
4500 92 6 3.449 0.018052989626292978 0.020955469995590257 0.011586397714675196
4500 93 6 3.41191 0.01683341355577693 0.0206839632108162 0.0107879163144493
4500 94 6 3.51882 0.01752259664923392 0.021224350917726155 0.01095764698345561
4500 95 6 3.60324 0.017679842559431617 0.02171553842658814 0.011134024970361932
4500 96 6 3.6258 0.01798315970615091 0.02180175525560645 0.011045676431553773
4500 97 6 3.66772 0.018685501275660203 0.022058382926130785 0.01152658434016899
4500 98 6 3.72841 0.018437487671187358 0.02242372660324595 0.0113644786861196
4500 99 6 3.74903 0.018932170439262805 0.02252002260008703 0.01160830531011373
4500 100 6 3.76923 0.019573862538460732 0.022682146804845198 0.012125839364498783
4500 101 6 3.78903 0.01879796192525248 0.022848446632450423 0.011805835430191938
4500 102 6 3.77074 0.019167820553753906 0.022767006793209775 0.011893530651371902
4500 103 6 3.77147 0.01900741836090278 0.02283585394189417 0.011836934135625808
4500 104 6 3.77219 0.019308842429299724 0.022924765892073675 0.012195026948699537
4500 105 6 3.75458 0.019357683427697146 0.022868039434439585 0.012088093297247481
4500 106 6 3.79173 0.018821639947697352 0.02312327012035021 0.011894684678673951
4500 107 6 3.93602 0.018450688676062553 0.023889184563215274 0.011709172890402218
4500 108 6 4.05983 0.018443030450461608 0.02456715644614936 0.011706291842506447
4500 109 6 4.18137 0.01907638104192671 0.02522731035616582 0.01203838269929016
4500 110 6 4.21329 0.018358308282804926 0.02544107176838395 0.011879129469724685
4500 111 6 4.24463 0.01855880568748142 0.025654535172808596 0.011952529666875482
4500 112 6 4.2239 0.01734458282853625 0.025562162349657615 0.011422757556004687
4500 113 6 4.27161 0.017244078606142056 0.02579141438873273 0.011202656298194289
4500 114 6 4.30162 0.017649782750649694 0.025999789787230866 0.011560990968195036
4500 115 6 4.31438 0.017719441042073052 0.02612616377168277 0.011554460983030507
4500 116 6 4.27719 0.01780908355702359 0.025910768896153093 0.011582621980799407
4500 117 6 4.30638 0.017335696086042355 0.026130949208477618 0.011311203642382127
4500 118 6 4.38396 0.0176455025428213 0.02655214458805558 0.011443030962639017
4500 119 6 4.41176 0.01804391093351143 0.026738848935231638 0.01168977189083305
4500 120 6 4.50321 0.01762164796461509 0.027236285940098453 0.011390916522776646
4500 121 6 4.62492 0.01732504353557968 0.027871379340448955 0.011177795864969876
4500 122 6 4.66583 0.018436559290306992 0.028094535063883517 0.01178164184122961
4500 123 6 4.86241 0.019363776827795394 0.029112457562161173 0.012128274068552016
4500 124 6 4.90074 0.019870493024872163 0.029354841324575772 0.012299371989812078
4500 125 6 5.09231 0.019847346416166412 0.030396059023104147 0.012370398749205836
4500 126 6 5.18926 0.020261815354427455 0.030934993045394214 0.012521168073703378
4500 127 6 5.28468 0.019735642920270163 0.03146836646985933 0.012244819258880933
4500 128 6 5.31851 0.020728817825729787 0.031658806935348484 0.01252135451346316
4500 129 6 5.41145 0.020705432976833353 0.032197154522236586 0.012400996838824617
4500 130 6 5.44379 0.02056585467098552 0.03241279905802875 0.012344376502790418
4500 131 6 5.54903 0.020533084186618755 0.03298469541117906 0.012372977702050349
4500 132 6 5.59441 0.021332173913430223 0.03325736292482144 0.012760854918992552
4500 133 6 5.66802 0.02123882478540028 0.033699370231226336 0.012668244861958873
4500 134 6 5.62572 0.021482924685607606 0.0335290870608584 0.012807685714407626
4500 135 6 5.62678 0.022091716280426662 0.033572434252982904 0.013088677590279462
4500 136 6 5.58541 0.021786574834310117 0.033365903003228406 0.012839778901442207
4500 137 6 5.68501 0.021297043387785812 0.033891594253227166 0.012557701154056635
4500 138 6 5.69955 0.021506975093932377 0.034023533552159514 0.012561827210724446
4500 139 6 5.68622 0.020458625784201295 0.03400235933652162 0.012097904283053799
4500 140 6 5.81044 0.020252955196203997 0.03465149002378222 0.01195969909199117
4500 141 6 5.82379 0.01903730461008224 0.03476965921421224 0.011391666962463782
4500 142 6 5.83694 0.01954812306129915 0.03489155463979414 0.011578388431680088
4500 143 6 5.84992 0.019347965360028887 0.03503401869334373 0.011457339976325882
4500 144 6 5.86271 0.01951934699206133 0.035160092842394366 0.011481053408425085
4500 145 6 5.91512 0.019522618498310027 0.03549539678319751 0.01159226679521929
4500 146 6 5.95364 0.019902873306137093 0.03573940476727569 0.011722832860200212
4500 147 6 5.99163 0.019472647395436547 0.035970997623932154 0.011565418290808824
4500 148 6 5.99012 0.01892768054069335 0.03602845397066968 0.011254365790124135
4500 149 6 6.04027 0.01911913700272711 0.036313555754464315 0.011210674758536368
4500 150 6 6.08974 0.019082763787440712 0.03663684011041161 0.011239579151848719
