10	0	0	0
20	0	0	0
30	0	0	0
40	0	0	0
50	1	0.000305998	0.000305998
60	0	0	0.000305998
70	0	0	0.000305998
80	0	0	0.000305998
90	0	0	0.000305998
100	0	0	0.000305998
110	0	0	0.000305998
120	0	0	0.000305998
130	0	0	0.000305998
140	0	0	0.000305998
150	0	0	0.000305998
160	0	0	0.000305998
170	0	0	0.000305998
180	0	0	0.000305998
190	1	0.000305998	0.000611995
200	0	0	0.000611995
210	0	0	0.000611995
220	0	0	0.000611995
230	0	0	0.000611995
240	0	0	0.000611995
250	0	0	0.000611995
260	1	0.000305998	0.000917993
270	0	0	0.000917993
280	0	0	0.000917993
290	0	0	0.000917993
300	0	0	0.000917993
310	1	0.000305998	0.00122399
320	0	0	0.00122399
330	0	0	0.00122399
340	0	0	0.00122399
350	0	0	0.00122399
360	0	0	0.00122399
370	1	0.000305998	0.001529988
380	0	0	0.001529988
390	0	0	0.001529988
400	0	0	0.001529988
410	1	0.000305998	0.001835985
420	1	0.000305998	0.002141983
430	0	0	0.002141983
440	0	0	0.002141983
450	0	0	0.002141983
460	1	0.000305998	0.00244798
470	0	0	0.00244798
480	3	0.000917993	0.003365973
490	0	0	0.003365973
500	0	0	0.003365973
510	1	0.000305998	0.003671971
520	0	0	0.003671971
530	0	0	0.003671971
540	0	0	0.003671971
550	0	0	0.003671971
560	2	0.000611995	0.004283966
570	1	0.000305998	0.004589963
580	1	0.000305998	0.004895961
590	1	0.000305998	0.005201958
600	1	0.000305998	0.005507956
610	0	0	0.005507956
620	2	0.000611995	0.006119951
630	1	0.000305998	0.006425949
640	0	0	0.006425949
650	1	0.000305998	0.006731946
660	0	0	0.006731946
670	1	0.000305998	0.007037944
680	2	0.000611995	0.007649939
690	2	0.000611995	0.008261934
700	1	0.000305998	0.008567931
710	3	0.000917993	0.009485924
720	1	0.000305998	0.009791922
730	1	0.000305998	0.010097919
740	1	0.000305998	0.010403917
750	2	0.000611995	0.011015912
760	4	0.00122399	0.012239902
770	4	0.00122399	0.013463892
780	3	0.000917993	0.014381885
790	3	0.000917993	0.015299878
800	4	0.00122399	0.016523868
810	0	0	0.016523868
820	3	0.000917993	0.01744186
830	1	0.000305998	0.017747858
840	0	0	0.017747858
850	1	0.000305998	0.018053856
860	2	0.000611995	0.018665851
870	1	0.000305998	0.018971848
880	1	0.000305998	0.019277846
890	0	0	0.019277846
900	1	0.000305998	0.019583843
910	1	0.000305998	0.019889841
920	3	0.000917993	0.020807834
930	1	0.000305998	0.021113831
940	2	0.000611995	0.021725826
950	2	0.000611995	0.022337821
960	2	0.000611995	0.022949816
970	1	0.000305998	0.023255814
980	1	0.000305998	0.023561812
990	1	0.000305998	0.023867809
1000	0	0	0.023867809
1010	5	0.001529988	0.025397797
1020	1	0.000305998	0.025703794
1030	2	0.000611995	0.026315789
1040	5	0.001529988	0.027845777
1050	3	0.000917993	0.02876377
1060	3	0.000917993	0.029681763
1070	2	0.000611995	0.030293758
1080	2	0.000611995	0.030905753
1090	2	0.000611995	0.031517748
1100	4	0.00122399	0.032741738
1110	2	0.000611995	0.033353733
1120	4	0.00122399	0.034577723
1130	3	0.000917993	0.035495716
1140	3	0.000917993	0.036413709
1150	8	0.00244798	0.038861689
1160	0	0	0.038861689
1170	5	0.001529988	0.040391677
1180	1	0.000305998	0.040697674
1190	6	0.001835985	0.04253366
1200	5	0.001529988	0.044063647
1210	3	0.000917993	0.04498164
1220	1	0.000305998	0.045287638
1230	7	0.002141983	0.047429621
1240	4	0.00122399	0.048653611
1250	5	0.001529988	0.050183599
1260	4	0.00122399	0.051407589
1270	2	0.000611995	0.052019584
1280	3	0.000917993	0.052937576
1290	5	0.001529988	0.054467564
1300	5	0.001529988	0.055997552
1310	6	0.001835985	0.057833537
1320	6	0.001835985	0.059669523
1330	1	0.000305998	0.05997552
1340	2	0.000611995	0.060587515
1350	2	0.000611995	0.06119951
1360	3	0.000917993	0.062117503
1370	3	0.000917993	0.063035496
1380	6	0.001835985	0.064871481
1390	3	0.000917993	0.065789474
1400	4	0.00122399	0.067013464
1410	10	0.003059976	0.070073439
1420	4	0.00122399	0.07129743
1430	4	0.00122399	0.07252142
1440	4	0.00122399	0.07374541
1450	6	0.001835985	0.075581395
1460	4	0.00122399	0.076805386
1470	7	0.002141983	0.078947368
1480	4	0.00122399	0.080171359
1490	3	0.000917993	0.081089351
1500	3	0.000917993	0.082007344
1510	6	0.001835985	0.083843329
1520	5	0.001529988	0.085373317
1530	5	0.001529988	0.086903305
1540	7	0.002141983	0.089045288
1550	5	0.001529988	0.090575275
1560	11	0.003365973	0.093941248
1570	6	0.001835985	0.095777234
1580	5	0.001529988	0.097307222
1590	8	0.00244798	0.099755202
1600	4	0.00122399	0.100979192
1610	7	0.002141983	0.103121175
1620	6	0.001835985	0.10495716
1630	6	0.001835985	0.106793146
1640	6	0.001835985	0.108629131
1650	4	0.00122399	0.109853121
1660	9	0.002753978	0.112607099
1670	10	0.003059976	0.115667075
1680	10	0.003059976	0.11872705
1690	5	0.001529988	0.120257038
1700	14	0.004283966	0.124541004
1710	7	0.002141983	0.126682987
1720	5	0.001529988	0.128212974
1730	4	0.00122399	0.129436965
1740	8	0.00244798	0.131884945
1750	11	0.003365973	0.135250918
1760	14	0.004283966	0.139534884
1770	7	0.002141983	0.141676867
1780	9	0.002753978	0.144430845
1790	12	0.003671971	0.148102815
1800	14	0.004283966	0.152386781
1810	13	0.003977968	0.156364749
1820	7	0.002141983	0.158506732
1830	14	0.004283966	0.162790698
1840	8	0.00244798	0.165238678
1850	10	0.003059976	0.168298654
1860	7	0.002141983	0.170440636
1870	11	0.003365973	0.17380661
1880	15	0.004589963	0.178396573
1890	13	0.003977968	0.182374541
1900	8	0.00244798	0.184822521
1910	10	0.003059976	0.187882497
1920	12	0.003671971	0.191554468
1930	13	0.003977968	0.195532436
1940	18	0.005507956	0.201040392
1950	15	0.004589963	0.205630355
1960	12	0.003671971	0.209302326
1970	11	0.003365973	0.212668299
1980	13	0.003977968	0.216646267
1990	11	0.003365973	0.22001224
2000	18	0.005507956	0.225520196
2010	16	0.004895961	0.230416157
2020	14	0.004283966	0.234700122
2030	14	0.004283966	0.238984088
2040	20	0.006119951	0.245104039
2050	8	0.00244798	0.24755202
2060	17	0.005201958	0.252753978
2070	22	0.006731946	0.259485924
2080	20	0.006119951	0.265605875
2090	10	0.003059976	0.268665851
2100	12	0.003671971	0.272337821
2110	15	0.004589963	0.276927785
2120	12	0.003671971	0.280599755
2130	17	0.005201958	0.285801714
2140	16	0.004895961	0.290697674
2150	11	0.003365973	0.294063647
2160	17	0.005201958	0.299265606
2170	14	0.004283966	0.303549572
2180	17	0.005201958	0.30875153
2190	13	0.003977968	0.312729498
2200	20	0.006119951	0.318849449
2210	17	0.005201958	0.324051408
2220	17	0.005201958	0.329253366
2230	17	0.005201958	0.334455324
2240	18	0.005507956	0.33996328
2250	29	0.008873929	0.348837209
2260	27	0.008261934	0.357099143
2270	10	0.003059976	0.360159119
2280	27	0.008261934	0.368421053
2290	20	0.006119951	0.374541004
2300	16	0.004895961	0.379436965
2310	10	0.003059976	0.38249694
2320	24	0.007343941	0.389840881
2330	18	0.005507956	0.395348837
2340	19	0.005813953	0.401162791
2350	26	0.007955936	0.409118727
2360	29	0.008873929	0.417992656
2370	20	0.006119951	0.424112607
2380	21	0.006425949	0.430538556
2390	27	0.008261934	0.43880049
2400	25	0.007649939	0.446450428
2410	14	0.004283966	0.450734394
2420	21	0.006425949	0.457160343
2430	16	0.004895961	0.462056304
2440	23	0.007037944	0.469094247
2450	16	0.004895961	0.473990208
2460	27	0.008261934	0.482252142
2470	18	0.005507956	0.487760098
2480	30	0.009179927	0.496940024
2490	19	0.005813953	0.502753978
2500	22	0.006731946	0.509485924
2510	11	0.003365973	0.512851897
2520	28	0.008567931	0.521419829
2530	17	0.005201958	0.526621787
2540	28	0.008567931	0.535189718
2550	24	0.007343941	0.54253366
2560	29	0.008873929	0.551407589
2570	25	0.007649939	0.559057528
2580	19	0.005813953	0.564871481
2590	29	0.008873929	0.57374541
2600	35	0.010709914	0.584455324
2610	22	0.006731946	0.591187271
2620	25	0.007649939	0.598837209
2630	26	0.007955936	0.606793146
2640	19	0.005813953	0.612607099
2650	27	0.008261934	0.620869033
2660	32	0.009791922	0.630660955
2670	19	0.005813953	0.636474908
2680	25	0.007649939	0.644124847
2690	29	0.008873929	0.652998776
2700	29	0.008873929	0.661872705
2710	37	0.011321909	0.673194614
2720	26	0.007955936	0.681150551
2730	31	0.009485924	0.690636475
2740	24	0.007343941	0.697980416
2750	24	0.007343941	0.705324357
2760	18	0.005507956	0.710832313
2770	35	0.010709914	0.721542228
2780	19	0.005813953	0.727356181
2790	29	0.008873929	0.73623011
2800	29	0.008873929	0.745104039
2810	24	0.007343941	0.75244798
2820	19	0.005813953	0.758261934
2830	20	0.006119951	0.764381885
2840	28	0.008567931	0.772949816
2850	24	0.007343941	0.780293758
2860	24	0.007343941	0.787637699
2870	24	0.007343941	0.79498164
2880	23	0.007037944	0.802019584
2890	28	0.008567931	0.810587515
2900	14	0.004283966	0.814871481
2910	18	0.005507956	0.820379437
2920	28	0.008567931	0.828947368
2930	23	0.007037944	0.835985312
2940	30	0.009179927	0.845165239
2950	23	0.007037944	0.852203182
2960	15	0.004589963	0.856793146
2970	21	0.006425949	0.863219094
2980	21	0.006425949	0.869645043
2990	25	0.007649939	0.877294982
3000	19	0.005813953	0.883108935
3010	18	0.005507956	0.888616891
3020	19	0.005813953	0.894430845
3030	10	0.003059976	0.89749082
3040	14	0.004283966	0.901774786
3050	22	0.006731946	0.908506732
3060	20	0.006119951	0.914626683
3070	19	0.005813953	0.920440636
3080	18	0.005507956	0.925948592
3090	21	0.006425949	0.932374541
3100	9	0.002753978	0.935128519
3110	13	0.003977968	0.939106487
3120	14	0.004283966	0.943390453
3130	17	0.005201958	0.948592411
3140	7	0.002141983	0.950734394
3150	6	0.001835985	0.952570379
3160	11	0.003365973	0.955936353
3170	4	0.00122399	0.957160343
3180	13	0.003977968	0.961138311
3190	10	0.003059976	0.964198286
3200	10	0.003059976	0.967258262
3210	8	0.00244798	0.969706242
3220	4	0.00122399	0.970930233
3230	14	0.004283966	0.975214198
3240	8	0.00244798	0.977662179
3250	2	0.000611995	0.978274174
3260	8	0.00244798	0.980722154
3270	7	0.002141983	0.982864137
3280	4	0.00122399	0.984088127
3290	3	0.000917993	0.98500612
3300	3	0.000917993	0.985924113
3310	8	0.00244798	0.988372093
3320	9	0.002753978	0.991126071
3330	4	0.00122399	0.992350061
3340	4	0.00122399	0.993574051
3350	2	0.000611995	0.994186047
3360	2	0.000611995	0.994798042
3370	2	0.000611995	0.995410037
3380	1	0.000305998	0.995716034
3390	1	0.000305998	0.996022032
3400	2	0.000611995	0.996634027
3410	3	0.000917993	0.99755202
3420	1	0.000305998	0.997858017
3430	1	0.000305998	0.998164015
3440	1	0.000305998	0.998470012
3450	0	0	0.998470012
3460	0	0	0.998470012
3470	0	0	0.998470012
3480	0	0	0.998470012
3490	0	0	0.998470012
3500	1	0.000305998	0.99877601
3510	0	0	0.99877601
3520	0	0	0.99877601
3530	1	0.000305998	0.999082007
3540	0	0	0.999082007
3550	1	0.000305998	0.999388005
3560	0	0	0.999388005
3570	0	0	0.999388005
3580	0	0	0.999388005
3590	0	0	0.999388005
3600	0	0	0.999388005
3610	0	0	0.999388005
3620	0	0	0.999388005
3630	1	0.000305998	0.999694002
3640	0	0	0.999694002
3650	0	0	0.999694002
3660	1	0.000305998	1
3670	0	0	1
3680	0	0	1
3690	0	0	1
3700	0	0	1
3710	0	0	1
3720	0	0	1
3730	0	0	1
3740	0	0	1
3750	0	0	1
3760	0	0	1
3770	0	0	1
3780	0	0	1
3790	0	0	1
3800	0	0	1
3810	0	0	1
3820	0	0	1
3830	0	0	1
3840	0	0	1
3850	0	0	1
3860	0	0	1
3870	0	0	1
3880	0	0	1
3890	0	0	1
3900	0	0	1
3910	0	0	1
3920	0	0	1
3930	0	0	1
3940	0	0	1
3950	0	0	1
3960	0	0	1
3970	0	0	1
3980	0	0	1
3990	0	0	1
4000	0	0	1
