10	2	0.066666667	0.066666667
20	1	0.033333333	0.1
30	1	0.033333333	0.133333333
40	1	0.033333333	0.166666667
50	0	0	0.166666667
60	0	0	0.166666667
70	0	0	0.166666667
80	1	0.033333333	0.2
90	1	0.033333333	0.233333333
100	0	0	0.233333333
110	0	0	0.233333333
120	0	0	0.233333333
130	0	0	0.233333333
140	0	0	0.233333333
150	0	0	0.233333333
160	0	0	0.233333333
170	0	0	0.233333333
180	0	0	0.233333333
190	0	0	0.233333333
200	0	0	0.233333333
210	0	0	0.233333333
220	0	0	0.233333333
230	0	0	0.233333333
240	0	0	0.233333333
250	1	0.033333333	0.266666667
260	0	0	0.266666667
270	0	0	0.266666667
280	0	0	0.266666667
290	0	0	0.266666667
300	0	0	0.266666667
310	0	0	0.266666667
320	0	0	0.266666667
330	1	0.033333333	0.3
340	0	0	0.3
350	0	0	0.3
360	0	0	0.3
370	0	0	0.3
380	0	0	0.3
390	0	0	0.3
400	0	0	0.3
410	0	0	0.3
420	0	0	0.3
430	0	0	0.3
440	0	0	0.3
450	0	0	0.3
460	0	0	0.3
470	0	0	0.3
480	0	0	0.3
490	0	0	0.3
500	0	0	0.3
510	0	0	0.3
520	0	0	0.3
530	0	0	0.3
540	0	0	0.3
550	0	0	0.3
560	0	0	0.3
570	0	0	0.3
580	0	0	0.3
590	0	0	0.3
600	0	0	0.3
610	0	0	0.3
620	0	0	0.3
630	0	0	0.3
640	0	0	0.3
650	0	0	0.3
660	0	0	0.3
670	0	0	0.3
680	1	0.033333333	0.333333333
690	1	0.033333333	0.366666667
700	0	0	0.366666667
710	0	0	0.366666667
720	0	0	0.366666667
730	0	0	0.366666667
740	0	0	0.366666667
750	0	0	0.366666667
760	0	0	0.366666667
770	0	0	0.366666667
780	0	0	0.366666667
790	0	0	0.366666667
800	1	0.033333333	0.4
810	0	0	0.4
820	0	0	0.4
830	0	0	0.4
840	0	0	0.4
850	0	0	0.4
860	0	0	0.4
870	0	0	0.4
880	0	0	0.4
890	0	0	0.4
900	0	0	0.4
910	0	0	0.4
920	0	0	0.4
930	0	0	0.4
940	0	0	0.4
950	0	0	0.4
960	0	0	0.4
970	0	0	0.4
980	0	0	0.4
990	0	0	0.4
1000	0	0	0.4
1010	0	0	0.4
1020	0	0	0.4
1030	0	0	0.4
1040	0	0	0.4
1050	0	0	0.4
1060	0	0	0.4
1070	0	0	0.4
1080	0	0	0.4
1090	0	0	0.4
1100	0	0	0.4
1110	0	0	0.4
1120	0	0	0.4
1130	0	0	0.4
1140	1	0.033333333	0.433333333
1150	0	0	0.433333333
1160	0	0	0.433333333
1170	0	0	0.433333333
1180	0	0	0.433333333
1190	0	0	0.433333333
1200	0	0	0.433333333
1210	1	0.033333333	0.466666667
1220	0	0	0.466666667
1230	0	0	0.466666667
1240	0	0	0.466666667
1250	0	0	0.466666667
1260	0	0	0.466666667
1270	0	0	0.466666667
1280	0	0	0.466666667
1290	0	0	0.466666667
1300	0	0	0.466666667
1310	0	0	0.466666667
1320	1	0.033333333	0.5
1330	0	0	0.5
1340	0	0	0.5
1350	0	0	0.5
1360	0	0	0.5
1370	0	0	0.5
1380	0	0	0.5
1390	0	0	0.5
1400	1	0.033333333	0.533333333
1410	0	0	0.533333333
1420	0	0	0.533333333
1430	0	0	0.533333333
1440	0	0	0.533333333
1450	0	0	0.533333333
1460	0	0	0.533333333
1470	0	0	0.533333333
1480	0	0	0.533333333
1490	0	0	0.533333333
1500	0	0	0.533333333
1510	0	0	0.533333333
1520	0	0	0.533333333
1530	0	0	0.533333333
1540	0	0	0.533333333
1550	1	0.033333333	0.566666667
1560	0	0	0.566666667
1570	0	0	0.566666667
1580	0	0	0.566666667
1590	0	0	0.566666667
1600	0	0	0.566666667
1610	0	0	0.566666667
1620	1	0.033333333	0.6
1630	1	0.033333333	0.633333333
1640	0	0	0.633333333
1650	0	0	0.633333333
1660	0	0	0.633333333
1670	0	0	0.633333333
1680	0	0	0.633333333
1690	0	0	0.633333333
1700	0	0	0.633333333
1710	0	0	0.633333333
1720	0	0	0.633333333
1730	0	0	0.633333333
1740	0	0	0.633333333
1750	0	0	0.633333333
1760	0	0	0.633333333
1770	0	0	0.633333333
1780	0	0	0.633333333
1790	0	0	0.633333333
1800	0	0	0.633333333
1810	0	0	0.633333333
1820	0	0	0.633333333
1830	0	0	0.633333333
1840	0	0	0.633333333
1850	0	0	0.633333333
1860	2	0.066666667	0.7
1870	0	0	0.7
1880	0	0	0.7
1890	0	0	0.7
1900	0	0	0.7
1910	0	0	0.7
1920	0	0	0.7
1930	0	0	0.7
1940	0	0	0.7
1950	0	0	0.7
1960	0	0	0.7
1970	0	0	0.7
1980	0	0	0.7
1990	0	0	0.7
2000	0	0	0.7
2010	0	0	0.7
2020	0	0	0.7
2030	0	0	0.7
2040	0	0	0.7
2050	0	0	0.7
2060	0	0	0.7
2070	1	0.033333333	0.733333333
2080	0	0	0.733333333
2090	0	0	0.733333333
2100	0	0	0.733333333
2110	0	0	0.733333333
2120	0	0	0.733333333
2130	0	0	0.733333333
2140	0	0	0.733333333
2150	0	0	0.733333333
2160	0	0	0.733333333
2170	0	0	0.733333333
2180	0	0	0.733333333
2190	0	0	0.733333333
2200	0	0	0.733333333
2210	0	0	0.733333333
2220	0	0	0.733333333
2230	0	0	0.733333333
2240	0	0	0.733333333
2250	0	0	0.733333333
2260	0	0	0.733333333
2270	0	0	0.733333333
2280	0	0	0.733333333
2290	0	0	0.733333333
2300	0	0	0.733333333
2310	0	0	0.733333333
2320	0	0	0.733333333
2330	0	0	0.733333333
2340	1	0.033333333	0.766666667
2350	0	0	0.766666667
2360	0	0	0.766666667
2370	0	0	0.766666667
2380	0	0	0.766666667
2390	0	0	0.766666667
2400	1	0.033333333	0.8
2410	0	0	0.8
2420	0	0	0.8
2430	1	0.033333333	0.833333333
2440	0	0	0.833333333
2450	0	0	0.833333333
2460	0	0	0.833333333
2470	0	0	0.833333333
2480	0	0	0.833333333
2490	0	0	0.833333333
2500	0	0	0.833333333
2510	0	0	0.833333333
2520	0	0	0.833333333
2530	0	0	0.833333333
2540	0	0	0.833333333
2550	0	0	0.833333333
2560	1	0.033333333	0.866666667
2570	0	0	0.866666667
2580	0	0	0.866666667
2590	0	0	0.866666667
2600	0	0	0.866666667
2610	0	0	0.866666667
2620	0	0	0.866666667
2630	0	0	0.866666667
2640	0	0	0.866666667
2650	0	0	0.866666667
2660	0	0	0.866666667
2670	0	0	0.866666667
2680	0	0	0.866666667
2690	0	0	0.866666667
2700	0	0	0.866666667
2710	0	0	0.866666667
2720	0	0	0.866666667
2730	0	0	0.866666667
2740	0	0	0.866666667
2750	0	0	0.866666667
2760	0	0	0.866666667
2770	0	0	0.866666667
2780	0	0	0.866666667
2790	0	0	0.866666667
2800	0	0	0.866666667
2810	0	0	0.866666667
2820	0	0	0.866666667
2830	0	0	0.866666667
2840	0	0	0.866666667
2850	0	0	0.866666667
2860	1	0.033333333	0.9
2870	0	0	0.9
2880	0	0	0.9
2890	0	0	0.9
2900	0	0	0.9
2910	0	0	0.9
2920	0	0	0.9
2930	0	0	0.9
2940	0	0	0.9
2950	0	0	0.9
2960	0	0	0.9
2970	0	0	0.9
2980	0	0	0.9
2990	0	0	0.9
3000	0	0	0.9
3010	0	0	0.9
3020	0	0	0.9
3030	0	0	0.9
3040	0	0	0.9
3050	0	0	0.9
3060	0	0	0.9
3070	0	0	0.9
3080	0	0	0.9
3090	2	0.066666667	0.966666667
3100	0	0	0.966666667
3110	0	0	0.966666667
3120	0	0	0.966666667
3130	1	0.033333333	1
3140	0	0	1
3150	0	0	1
3160	0	0	1
3170	0	0	1
3180	0	0	1
3190	0	0	1
3200	0	0	1
3210	0	0	1
3220	0	0	1
3230	0	0	1
3240	0	0	1
3250	0	0	1
3260	0	0	1
3270	0	0	1
3280	0	0	1
3290	0	0	1
3300	0	0	1
3310	0	0	1
3320	0	0	1
3330	0	0	1
3340	0	0	1
3350	0	0	1
3360	0	0	1
3370	0	0	1
3380	0	0	1
3390	0	0	1
3400	0	0	1
3410	0	0	1
3420	0	0	1
3430	0	0	1
3440	0	0	1
3450	0	0	1
3460	0	0	1
3470	0	0	1
3480	0	0	1
3490	0	0	1
3500	0	0	1
3510	0	0	1
3520	0	0	1
3530	0	0	1
3540	0	0	1
3550	0	0	1
3560	0	0	1
3570	0	0	1
3580	0	0	1
3590	0	0	1
3600	0	0	1
3610	0	0	1
3620	0	0	1
3630	0	0	1
3640	0	0	1
3650	0	0	1
3660	0	0	1
3670	0	0	1
3680	0	0	1
3690	0	0	1
3700	0	0	1
3710	0	0	1
3720	0	0	1
3730	0	0	1
3740	0	0	1
3750	0	0	1
3760	0	0	1
3770	0	0	1
3780	0	0	1
3790	0	0	1
3800	0	0	1
3810	0	0	1
3820	0	0	1
3830	0	0	1
3840	0	0	1
3850	0	0	1
3860	0	0	1
3870	0	0	1
3880	0	0	1
3890	0	0	1
3900	0	0	1
3910	0	0	1
3920	0	0	1
3930	0	0	1
3940	0	0	1
3950	0	0	1
3960	0	0	1
3970	0	0	1
3980	0	0	1
3990	0	0	1
4000	0	0	1