15.75 150 5 53.82051282051281 0.035880032411332405 40.792898412915605 0.0543336658031555 0.021058069264029318 4.723621656673771E-5 0.0 0.0
99.75 30 5 2.845528455284553 0.02609236835102636 1.6711790018237676 0.018396794861147633 2.34411782843288E-4 2.3216381846541855E-6 0.0 0.0
105.0 30 5 2.9268292682926833 0.01832427263347097 2.349870848474091 0.038556033486337384 2.4663672728885967E-4 1.5782726171529016E-6 0.0 0.0
21.0 150 5 40.12820512820514 0.03957117274015971 30.16116937424207 0.056159214495785204 0.015640970884266334 3.2927483978710175E-5 0.0 0.0
89.25 150 5 8.274509803921571 0.07951022702433301 5.15387432351541 0.05371988042324679 0.0027200497107270063 8.487186420913571E-6 0.0 0.0
94.5 240 5 10.396825396825397 0.10661004349094817 6.571469024602644 0.0774374380536717 0.005457323699137077 1.3692571734447262E-5 0.0 0.0
42.0 150 5 17.47435897435898 0.0593603588474527 11.866897424024355 0.04415190317224605 0.0063188299873085125 1.5736173387381875E-5 0.0 0.0
84.0 60 5 4.2635658914728705 0.01697479724066527 2.633555767506699 0.015181245831841774 6.5244004314679E-4 2.5688367174585133E-6 0.0 0.0
110.25 150 5 6.874999999999999 0.08459222722808168 4.336086952536072 0.05685734184651589 0.0021903892793050965 7.710694145713652E-6 0.0 0.0
89.25 300 5 14.604651162790702 0.10582579369823907 8.997772312795357 0.07867383190364723 0.006336664196350627 1.975080443546656E-5 0.0 0.0
99.75 60 5 3.7804878048780513 0.01727522712266323 2.292361167810721 0.013415675132641962 5.712183733683876E-4 2.2335995999334905E-6 0.0 0.0
26.25 150 5 30.17283950617283 0.03642874967349232 22.35154493714782 0.042858995416204006 0.011634686360612616 2.5627175086867714E-5 0.0 0.0
89.25 240 5 11.28875968992248 0.10280628732903518 7.110080019421865 0.0741503260771349 0.006078676499981007 1.639948663376778E-5 0.0 0.0
94.5 30 5 2.777777777777778 0.02172052727524446 1.6177344785043197 0.015078989054070374 2.247853869961252E-4 1.7748439946621418E-6 0.0 0.0
84.0 300 5 13.682170542635658 0.1075903646117915 8.588811049596437 0.07966982069476856 0.0076809397496235485 2.1697664470411777E-5 0.0 0.0
84.0 150 5 8.549019607843137 0.08008389808051203 5.424725145671179 0.05408336701085171 0.002829252636288221 8.992407617208668E-6 0.0 0.0
63.0 150 5 11.256410256410257 0.071821881366322 7.249148634637025 0.048677738446101855 0.003878249206924095 1.23806315191389E-5 0.0 0.0
84.0 120 5 7.364341085271317 0.07457741049970518 4.565144923446305 0.04861187593283776 0.0019568602921540934 6.74058602382196E-6 0.0 0.0
10.5 150 5 68.96153846153848 0.03492148608899737 53.260033596518916 0.06316424660383896 0.026975775317310404 5.7274967686327866E-5 0.0 0.0
31.5 150 5 23.948717948717952 0.0414449723497356 17.498769573171923 0.03509797611221447 0.008900699056194665 2.1512428630308564E-5 0.0 0.0
94.5 60 5 3.96825396825397 0.022988489457079746 2.374848914549416 0.01741693850787556 5.932882340929903E-4 2.98407473781964E-6 0.0 0.0
110.25 60 5 3.5365853658536595 0.019889641988170836 2.172162785003913 0.01499878784333536 5.541528971766682E-4 3.117981236695643E-6 0.0 0.0
84.0 240 5 11.453488372093021 0.10269452807130237 7.258367355276866 0.07412661167699461 0.006180437114583794 1.6698427582668093E-5 0.0 0.0
105.0 300 5 17.577235772357728 0.10569943681600973 10.61988771163259 0.08067595666051287 0.0022797658929327464 1.0327004106535588E-5 0.0 0.0
99.75 120 5 6.788617886178863 0.07801225008926287 4.191425406780422 0.05072129348601231 0.0017861401937796246 6.635411308051355E-6 0.0 0.0
105.0 120 5 6.666666666666665 0.07782615607304327 4.495654033899578 0.05407445871445867 0.0017428494248851755 6.192913787731257E-6 0.0 0.0
105.0 240 5 9.603658536585371 0.10840347643023915 6.419970119508056 0.07925333874261659 0.00501279642257365 1.4834549489729314E-5 0.0 0.0
110.25 240 5 9.21747967479675 0.1088643766731226 5.87966801861306 0.07843553008468121 0.004567904855373196 1.3666828474355944E-5 0.0 0.0
94.5 300 5 15.388888888888882 0.10814187395730775 9.276924306532097 0.08098366144931667 0.004492710678289329 1.699685754695195E-5 0.0 0.0
99.75 240 5 9.949186991869919 0.10764790638753702 6.336721479550215 0.07746897374148123 0.005187918983737528 1.3052369553273406E-5 0.0 0.0
99.75 150 5 7.4421768707483 0.08277880192214265 4.670461655305045 0.05563066372036639 0.002397332204375781 7.4153248185952134E-6 0.0 0.0
110.25 30 5 3.0081300813008136 0.020567659578330923 1.7106564458004205 0.014796868387955896 2.4350188700788305E-4 1.8141854089058271E-6 0.0 0.0
110.25 120 5 6.158536585365853 0.0789042086899387 3.8378867397410366 0.051208546415713395 0.0015701262890551238 6.1554150267284895E-6 0.0 0.0
105.0 150 5 7.061224489795921 0.08322216658475194 4.739162644465304 0.05914745350821539 0.0022663201675073826 7.520786872821058E-6 0.0 0.0
5.25 150 5 84.66666666666669 0.025753599034850697 69.42371492206547 0.06258108683637487 0.033196679773333786 7.44765318177586E-5 0.0 0.0
89.25 120 5 7.054263565891474 0.07559729508770702 4.334889074014863 0.04879228526150526 0.0018492068700918826 7.2901619368390514E-6 0.0 0.0
78.75 150 5 9.025641025641027 0.07754195487992885 5.715951991890601 0.0523913474942759 0.003000659133338655 8.263552237474688E-6 0.0 0.0
94.5 120 5 7.023809523809524 0.07868258131036941 4.282544128268647 0.05170055728970086 0.0018293361577480507 6.904310285812106E-6 0.0 0.0
94.5 150 5 8.093333333333334 0.0819214800213527 5.023861735547412 0.05581859890747576 0.0026272940612704554 6.902373496054096E-6 0.0 0.0
105.0 60 5 3.902439024390246 0.020030382105292552 2.877568714312494 0.03163291600725649 6.008431756950766E-4 3.0638909433256993E-6 0.0 0.0
36.75 150 5 19.743589743589737 0.04995987870886863 13.893220727850467 0.03793903788717605 0.007228847184691445 1.8281922221112962E-5 0.0 0.0
110.25 300 5 19.016260162601625 0.10594509806788444 11.04771144598357 0.0796410341804281 0.0017058887102118269 7.2956281527780825E-6 0.0 0.0
52.5 150 5 13.474358974358976 0.07159163082517227 8.768397465843615 0.04953283719654997 0.004697238608903031 1.2751834837576816E-5 0.0 0.0
73.5 150 5 9.512820512820513 0.07696281025102773 6.0164293337483885 0.05404886735010924 0.003200535428860417 9.503485374575825E-6 0.0 0.0
84.0 30 5 3.333333333333334 0.02875540618758358 2.0165541269962066 0.021290874331250525 2.624506983142564E-4 2.205170184613228E-6 0.0 0.0
89.25 60 5 4.14728682170543 0.016617016364516287 2.478510995513569 0.013247075546424363 6.44466953571595E-4 2.816099436516245E-6 0.0 0.0
99.75 300 5 16.788617886178862 0.10696542535277583 10.017727749983218 0.08042795571863282 0.002945075656931113 1.1729634212073858E-5 0.0 0.0
89.25 30 5 2.868217054263566 0.02105903520497073 1.6641771122318405 0.017516202374223824 2.376139842384626E-4 1.777118077017013E-6 0.0 0.0
